0
0
0
0
0
0
90.04843622978828
337.44566423611553
573.8079954673085
665.6876853281076
832.1324302705506
895.8414866376313
822.6948219389122
725.5877033821868
627.2980585227116
432.04506571579407
157.65156039677464
0.94653183114712
0
0
0
0
0
0
0
0
0
0
0
0
81.91576416327439
360.368002662504
582.3789685570576
742.4977844753082
758.9204819844069
783.005146999136
780.4973605029609
729.6376575542788
639.5774932964805
424.91937905018256
156.34010189855405
1.035213386816739
0
0
0
0
0
0
0
0
0
0
0
0
80.64481452334192
274.5523662372137
353.995619567313
701.1824994889969
784.5759624947221
828.8502803754353
792.3325672829789
733.0590039872914
569.9387963427906
459.94506010639714
202.69714628699887
1.3644810998515684
0
0
0
0
0
0
0
0
0
0
0
0
23.406858084598834
291.56647647779215
542.3878239520352
692.1013744925032
778.0771359720827
789.8648638323833
778.0356163846104
725.0607837358823
591.9607513581491
427.20365725852366
153.43902449069708
1.2593278269395294
0
0
0
0
0
0
0
0
0
0
0
0
72.4884685133624
331.83753449071537
526.4908165732237
695.0401563475194
784.7608764011668
812.357015319738
809.8379161927539
738.4114736211351
635.0008800677183
410.6842034312443
173.95282687767536
0.8114817026136711
0
0
0
0
0
0
0
0
0
0
0
0
56.96978919926885
286.8489458058067
336.9582249480044
684.6001891934795
771.1193599586222
861.4083883496626
843.0468425757157
710.987625130487
605.616142822337
377.30387771675447
178.50435868479977
0.75045325529996
0
0
0
0
0
0
0
0
0
0
0
0
85.73042025742149
337.360367207118
569.5574990450901
743.6249748906164
818.787376459359
839.9276322033268
877.1293617486775
809.5051554443281
615.3322755769193
423.3069003707241
181.92294804870286
0.41069074859059096
0
0
0
0
0
0
0
0
0
0
0
0
90.53562362116698
358.19427563698866
564.0399914539483
708.8239810487574
825.5468377680717
779.8431037564587
802.8145066741383
729.1248932339257
606.1006052859523
394.28512122802186
160.9634345849169
0.5515256603075924
0
0
0
0
0
0
0
0
0
0
0
0
88.1568121566071
333.1321318013964
558.3984733022511
710.3854758735712
841.2592194614963
844.1013020101389
848.0186097204376
748.1332608899858
605.671735825595
420.8449122178248
163.0508385958253
0.6820344031214666
0
0
0
0
0
0
0
0
0
0
0
0
74.28483154614457
344.8667520597765
511.83303895095247
684.1419599421913
757.8308196921536
778.2003536672399
746.2509598857197
303.74806754252927
585.1106302387578
385.6751768113335
169.22713219998997
0.3759505398924414
0
0
0
0
0
0
0
0
0
0
0
0
11.024003498713327
221.13913395025105
406.1172176608028
613.4485875344188
789.0911254379722
795.6305381447307
804.745749289713
744.1912797081147
654.4054513270745
421.19100181010407
157.29383192896472
0.8111574146225081
0
0
0
0
0
0
0
0
0
0
0
0
4.754090863668631
237.701427233629
412.4567192895108
591.9306042418641
725.2282664101706
793.1152166215153
769.5571158960505
747.6082390218938
590.1052415816222
416.9402561514361
190.78073358843895
0.03629598606930053
0
0
0
0
0
0
0
0
0
0
0
0
71.33095506009725
346.68499271514105
544.766095205801
705.743946688289
786.1635704171115
743.5633797892588
751.8082867943862
748.6869504901338
604.3631945792314
428.11260656329097
186.4826452549527
1.2646644689950564
0
0
0
0
0
0
0
0
0
0
0
0
84.4174107199552
326.48660995592746
524.4492730176567
744.8362381677139
853.5340618193131
780.6795376353986
800.2530146145727
752.5957095682934
625.4915344307863
427.07170827684547
160.06069056138531
0.4341355119746087
0
0
0
0
0
0
0
0
0
0
0
0
81.27507675837508
337.9613504506587
541.5897278473265
714.28525460085
845.1003540894777
896.4266858350344
872.0593328623357
781.8372810633163
612.8083265564175
355.401394435339
153.17275078145076
0.04779166698919525
0
0
0
0
0
0
0
0
0
0
0
0
80.24510046824918
346.8708802236888
517.7325522525385
744.6335989333445
839.2859174947542
860.16069252132
822.1710745279034
770.3481099410367
640.2603314726971
399.50912050837155
195.8112857173349
0.12175655020435595
0
0
0
0
0
0
0
0
0
0
0
0
91.46189709650015
326.4609524006536
514.3475465670521
718.0269691093507
822.1884525734349
888.6583555263138
790.0202676858404
798.373178103848
629.8444022619212
434.91382413225176
213.0527460863647
1.006635017439654
0
0
0
0
0
0
0
0
0
0
0
0
84.4565127921504
332.1553040916731
564.5359160157743
707.0888182682066
796.9583078880562
797.0720539365071
771.2616913772526
711.3696109918538
615.7197447492819
416.11422891702364
206.28297669970064
0.8787341638239315
0
0
0
0
0
0
0
0
0
0
0
0
100.98355363864009
352.1303185758043
578.2416900407922
735.45985530633
802.500664717552
881.4085274617518
852.1702545924492
775.7795583347681
641.3896515496612
447.70473643504727
179.06969280063942
0.5936225688898868
0
0
0
0
0
0
0
0
0
0
0
0
1.9959782805829966
177.48427696543487
457.84739662416393
650.016904670925
758.5316545028747
828.1375076400984
814.2819111314476
715.9626869004778
647.3974874461193
431.6110065555538
193.93502732357297
0.09171404897641312
0
0
0
0
0
0
0
0
0
0
0
0
53.99483499062986
242.12043882572755
433.1378689447607
663.1955384090528
854.4568459667801
882.1664201139462
838.409110511546
751.6554676812015
647.9522870146012
448.40710574475634
211.80085700702227
0.0705090374540798
0
0
0
0
0
0
0
0
0
0
0
0
88.8289840074857
343.2890455316613
580.6687424420641
717.409499364617
830.222723763753
777.6744548512467
761.670337546834
779.7777042010016
615.4051797772642
448.71443430292777
205.75574814591084
0.8987051556265453
0
0
0
0
0
0
0
0
0
0
0
0
81.18339537355394
330.89607427050436
586.5738437634102
737.6351746767017
820.0648508904331
827.3140519498455
808.0955321267195
738.1691311822829
562.544291464785
401.6473495068901
160.31611561622475
1.2510495566059396
0
0
0
0
0
0
0
0
0
0
0
0
92.74856862982135
319.362838362334
529.2207723058347
697.4564272878273
836.1550463993095
795.1329044509765
837.4025830537315
714.7265529539613
625.6165640120311
421.2997814944693
186.96613333428067
0.5741212742302043
0
0
0
0
0
0
0
0
0
0
0
0
79.90482215000056
343.6765728995679
533.8568019124201
672.5989189250203
761.4864043911482
790.1011161485809
871.1429149414491
814.4212366912705
618.5891471430259
368.57374009184457
157.70109443248938
1.2158440906544647
0
0
0
0
0
0
0
0
0
0
0
0
60.4060877906947
330.9085781438368
531.3813848461866
690.7609228685117
805.6587069320626
858.4085883329376
827.5941982321693
745.9601352175794
612.7350785398781
420.3033119093799
186.09318682630732
0.9554746092928238
0
0
0
0
0
0
0
0
0
0
0
0
79.72068109538574
347.0367426622648
546.0749975470841
676.6569273533628
784.4927669148262
839.0674945529239
813.9424558674834
762.6816205162175
651.3310366759573
453.8510105993326
201.99667858338026
0.4812334192669097
0
0
0
0
0
0
0
0
0
0
0
0
54.35630890002784
272.0517787993688
479.6845587903147
670.9794023426387
834.8020425059792
742.7855249311096
753.5684845933131
706.8431976661589
477.73917286210326
402.56275614226047
192.77575113150004
1.3186463034915745
0
0
0
0
0
0
0
0
0
0
0
0
74.78013608482438
338.0390050835271
551.789150505042
730.4326447979313
817.1687952509237
54.38368983435671
789.5767396322974
43.49007070636475
588.804897667102
329.40015109316806
134.68103912741435
1.3644077149156184
0
0
0
0
0
0
0
0
0
0
0
0
75.97675112294411
332.2069716734465
512.8043813491508
702.3381689436208
789.7593516421108
779.2485976338791
788.2244580244657
735.5974077142974
431.5709235967118
348.99983829508267
100.55022254827638
0.44811754033695156
0
0
0
0
0
0
0
0
0
0
0
0
104.70216438807041
356.23788824515896
561.2871982737885
751.2255853256285
823.2738584532209
862.5805875338144
849.1868568462777
806.6046154718546
624.2459075330689
432.8221866457414
181.6743732949396
1.0308971804987663
0
0
0
0
0
0
0
0
0
0
0
0
71.26769772144704
322.8767016874261
524.1578663810083
693.7902845222895
809.0561040681943
874.5658220427621
852.4228102918479
744.4613863675602
582.4831583493839
436.1703642203388
191.86483381882755
0.4009162359056803
0
0
0
0
0
0
0
0
0
0
0
0
9.366393340427546
215.40162848119496
490.7869224575442
645.4241110645353
825.7403671351731
857.8776138547671
889.0775115845657
711.7742456746473
627.7328369917586
464.733503165579
199.82742064833434
2.9744142499699255
0
0
0
0
0
0
0
0
0
0
0
0
66.71681352332374
308.2269577295799
512.4466984601992
696.9448363358293
836.0705022409902
797.3575803909125
799.3759646668101
773.51768229476
668.6878847766503
467.76143916084743
219.1878832691339
1.7846985081206346
0
0
0
0
0
0
0
0
0
0
0
0
78.72798223180669
316.9148355086622
541.5565336430344
701.9548630924808
748.9411651141536
871.7993829026123
842.75022003219
801.2021960015825
597.4769844318342
436.6779243677843
219.12738036004197
2.8973146774608467
0
0
0
0
0
0
0
0
0
0
0
0
2.839696873180807
183.383143161807
434.54977241106207
652.9286182430476
769.4972382865294
838.8011878899885
807.0706769877115
739.0331016981535
629.4336668000319
454.8150699791902
198.60356085171202
1.9563701798826076
0
0
0
0
0
0
0
0
0
0
0
0
58.12767371951059
194.87161102948753
452.57324625606765
358.5222431861835
541.9307814706902
666.9932739195999
667.2779696898775
320.1533653735491
473.4882161790426
370.5861231135585
178.93238325392036
1.1706198731168875
0
0
0
0
0
0
0
0
0
0
0
0
74.10863438627266
312.4753525853853
567.6770365080788
689.0705059404588
848.4409738260505
869.2312954047618
852.6094076322152
745.8290534220728
523.784808380092
410.0357538241463
232.87747906234677
6.481159208469828
0
0
0
0
0
0
0
0
0
0
0
0
86.13713527256506
241.05702869770647
525.5479971180356
675.3300826656273
806.0176101539658
840.7210755137444
827.979126693433
727.9753151147191
603.0400115157046
400.3952236384487
193.98515117296705
0.9419462487420557
0
0
0
0
0
0
0
0
0
0
0
0
60.617923174779904
334.7629785831157
559.3818437871635
748.6102446086015
826.5139298744219
868.9443266155367
824.4227517870952
742.1498479993893
602.3602512077314
478.12567328003223
281.8193827925382
51.413447820901204
0
0
0
0
0
0
0
0
0
0
0
0
80.25211312578905
344.8089225619917
567.0053241556928
738.8168323011714
855.0963651733163
810.3159077327832
802.3445147892797
795.970802802038
644.2237259724827
451.23551729218997
208.22966882469
3.5867195782353383
0
0
0
0
0
0
0
0
0
0
0
0
75.6291607941231
314.1231083436011
558.9673525690624
742.7385868339346
806.8698100118621
858.4843943546687
852.4978569259758
798.7008415056434
657.00742684774
449.10674935000424
205.79115418025074
6.594960993914283
0
0
0
0
0
0
0
0
0
0
0
0
85.12328477120012
309.2307997264708
503.71493379508655
675.0370613753579
822.4388234884067
836.0587287696561
865.9442424712091
765.0608719452093
652.5273735297602
441.5665888799956
188.7821770306587
2.4691296295474774
0
0
0
0
0
0
0
0
0
0
0
0
10.712634563514499
170.2090866985104
422.9024365730291
626.2383020336133
788.1868300464095
799.4947711050204
817.229562254713
788.9841150684266
641.9350363525839
437.77611137937777
206.72447726636602
3.312763725598699
0
0
0
0
0
0
0
0
0
0
0
0
71.06276784280331
318.52913269771017
530.8224803387419
686.8745255398446
846.7056633456837
879.136628431008
842.5934276450857
805.0962640244176
644.5459843089535
485.1750096910175
220.1961308379796
0.6571413898170693
0
0
0
0
0
0
0
0
0
0
0
0
50.34038379372616
322.4194576799534
550.2582562902984
706.561719267955
849.5617841384931
899.2015515970155
878.7131066531235
763.6854790892487
614.4421545763561
419.56903721738473
215.386837523745
1.1626965240334546
0
0
0
0
0
0
0
0
0
0
0
0
44.01069843997143
312.86682415357427
541.5849771001365
683.9061890883697
747.8992959726442
835.6639276031999
809.5722990099937
756.8315220256634
552.5457842372864
346.1457885428308
227.3555192772427
23.790454783410315
0
0
0
0
0
0
0
0
0
0
0
0
68.3878783900112
261.8890911793855
474.99235552534464
691.4833467919794
856.7835897069659
902.5418808644818
873.1339368397346
777.5810926040027
632.9300979585267
471.37775271330503
90.26738190467766
4.449128440095232
0
0
0
0
0
0
0
0
0
0
0
0
67.65119923650892
298.07678622688354
526.4708450983111
601.5246848056358
689.7938237325332
798.2393594037865
874.8432460162322
803.4968895214737
675.4209958530076
458.78307484146313
197.48940878226819
1.5450746623605311
0
0
0
0
0
0
0
0
0
0
0
0
67.1951372982943
291.8081208548419
493.03748854041123
681.845634500569
814.7041992493716
844.9173937092883
840.0217931738275
802.4454959277548
666.731741127556
462.9992135050121
216.20346436975876
2.9305595720126925
0
0
0
0
0
0
0
0
0
0
0
0
73.15113601576813
215.71139696444484
435.0484732722881
553.8961092828011
771.2314484553814
816.9289854938316
808.8543503599255
716.4703762839526
624.9994409208762
444.64084446086275
207.26962534318127
5.162107565778969
0
0
0
0
0
0
0
0
0
0
0
0
72.04539185518904
313.9067898295025
568.0046132431547
709.9734034936106
747.0065242944254
815.102162144461
881.4235123644401
778.4813958137257
626.5275343909317
461.4216341285039
211.4607455369074
3.7043851351806643
0
0
0
0
0
0
0
0
0
0
0
0
59.86365838505132
277.8630852645066
497.4045694654039
741.3089087805574
852.2864171062869
887.9116446973167
890.8352909828191
728.2070113623223
622.0109379917781
459.34693013956576
208.93278999132517
1.2263235996366788
0
0
0
0
0
0
0
0
0
0
0
0
68.08351976430731
317.22241772026473
543.7303806201551
754.2234775727248
838.9113615034723
867.3443177045949
877.2095621308608
778.2897249987828
646.4171803315522
403.2684756284281
187.00613400024054
2.8503258963154847
0
0
0
0
0
0
0
0
0
0
0
0
69.01576089866035
309.6316404547493
548.9678397172596
752.7516200519885
801.1325462073218
890.8800913220463
871.6283414598126
789.8343446750441
593.7885442131111
406.99326340032445
159.56018671217493
2.6394977214289006
0
0
0
0
0
0
0
0
0
0
0
0
80.30199278021983
342.29344658722016
542.0243747179302
666.2993111098824
777.6060265068379
811.3722494824675
808.2137227508848
745.7324455775021
655.0505943532023
444.7455735405647
175.360215392853
2.796762823023478
0
0
0
0
0
0
0
0
0
0
0
0
73.89736186116096
318.34753826089434
533.9883591765683
714.1041750860658
797.5096756941331
863.103072867919
865.5327005763419
785.0299487194162
668.5381574148776
437.67690434952044
233.1902930898425
3.2918360978948304
0
0
0
0
0
0
0
0
0
0
0
0
74.57597449580872
320.9143007412157
443.8813988951561
561.7401546090363
797.9209748535769
836.7906077281381
814.0205319907274
726.985340009794
575.7037306203246
305.9401638410537
128.25653388540775
1.5065700697309239
0
0
0
0
0
0
0
0
0
0
0
0
52.01613107377202
163.79482223713035
374.5410424303966
636.9137303179899
763.9395744171476
783.3160797302598
827.7486578004309
748.7314291552422
638.6056014125911
456.7674126167527
208.10777517471368
1.6908425095226278
0
0
0
0
0
0
0
0
0
0
0
0
49.436495873484645
300.327124363535
446.1587667765637
656.0160886917655
765.1361540528812
781.9923251354228
765.8188354431542
731.5869093974015
625.0900671946084
441.20922596980705
180.18683843333432
1.336041875288762
0
0
0
0
0
0
0
0
0
0
0
0
81.08015200243685
318.49499996878603
548.536308172416
736.4400166267677
832.3819035397931
838.3174810587041
854.6997548465939
709.9521652266316
584.1412466151171
410.99758674593005
195.38131050858632
30.625221715666328
0
0
0
0
0
0
0
0
0
0
0
0
91.86541857016874
333.34016749774867
551.1159131265618
728.863939652017
831.5417427566142
866.5762043536304
847.4912138465317
692.7200585944543
532.0413283667939
430.0458384606823
189.7124738004362
0.7717995028043583
0
0
0
0
0
0
0
0
0
0
0
0
71.28521979304398
303.98697379453904
518.5584450817096
653.1294670430558
739.9246964926164
819.8767326463753
811.6058111688703
764.638798545222
598.4904433184086
375.6585540504028
171.15925436402117
0.4275831810957392
0
0
0
0
0
0
0
0
0
0
0
0
86.52920824230414
321.41435806970617
525.9266729077916
671.8426962838134
718.7693867100934
765.830383191197
848.4918756009839
755.9295291250342
626.2975733190309
448.4501602363087
200.99869220525986
2.2187921744530716
0
0
0
0
0
0
0
0
0
0
0
0
94.58798758906515
301.1215896063478
503.5839809853191
687.4460394552343
767.6713496678414
803.0441147374843
824.8167509056074
762.3343904956045
594.2582671432629
423.40045881830105
181.58345286986093
1.6839945202593627
0
0
0
0
0
0
0
0
0
0
0
0
91.39840848531988
290.88399835490577
506.69654441322615
668.5587920256635
827.4369368469596
869.749696421978
845.5791788569944
686.678064678042
570.9731032972174
7.4859345927523275
84.87425984594263
1.4441612951306853
0
0
0
0
0
0
0
0
0
0
0
0
85.07674401604135
315.5824511688764
514.059242279673
702.7512998086197
794.3037959730641
784.1310337930635
781.5731483577251
676.2865990261796
547.5465666357019
254.25063634740135
138.19017496175425
1.3328748726417876
0
0
0
0
0
0
0
0
0
0
0
0
83.86006457964257
285.34061922927776
388.75861131899666
646.6600088063631
798.6932362903651
860.7978936417848
779.2851887217886
716.61187983174
597.561407794203
408.81361235099223
178.6214729454341
2.1471118920156256
0
0
0
0
0
0
0
0
0
0
0
0
93.41581002307939
326.7603399306936
549.9730540477841
741.6204717407201
812.1671154903148
866.7429776271715
791.2382282423335
751.2623942464544
620.934112724287
380.53422730645707
162.48808892544264
1.1972369490072554
0
0
0
0
0
0
0
0
0
0
0
0
84.31983309481242
303.0387093995697
521.767564035624
702.8190730838351
812.2628047306362
874.1413596116619
847.9984431633495
780.2586615682046
594.8613334380091
384.0563007288001
192.00721024596047
1.4433004521117416
0
0
0
0
0
0
0
0
0
0
0
0
81.83264309056294
266.1391421723065
463.39678758627895
595.8650710613393
739.5951265602347
781.998376855515
809.767626705762
756.302443221432
594.6373922694297
407.07141851684423
16.43681687561076
2.666328373188387
0
0
0
0
0
0
0
0
0
0
0
0
104.11212679450688
339.99184976109086
567.7010278182381
705.0915538754289
788.0404220229773
828.1678102986695
811.2685771686453
769.0258848927749
610.4039756738774
409.99559780396845
210.52970330912373
4.518210485755873
0
0
0
0
0
0
0
0
0
0
0
0
95.84434964320587
327.2609563495109
539.072483491611
682.044474604025
772.6637277247235
815.6853504195709
789.1296115370055
727.2967307109267
616.2123018491516
376.8780109367187
174.041400242349
2.5310045828620207
0
0
0
0
0
0
0
0
0
0
0
0
95.41406343166553
352.9575857765234
576.6204300538803
735.4943853470921
792.721423106898
823.8594449489303
855.2675444698606
736.8935196709162
616.7257000829047
348.95117415954206
14.70966952835745
2.013228345897904
0
0
0
0
0
0
0
0
0
0
0
0
98.23499869019841
323.7337456729263
568.7858713242053
671.8012612300812
777.6293830219753
799.6439027722014
784.0764670317858
779.1106027658984
589.3586716188272
473.4250133759457
186.4788238916485
1.8375566969176185
0
0
0
0
0
0
0
0
0
0
0
0
84.01073007569737
332.7053680090011
548.1793353066308
733.1380780288504
798.6770248887644
839.2789966837878
786.6347791482599
749.2603870632742
612.1442898752639
404.7414425509135
197.1936453519171
3.4706014930715674
0
0
0
0
0
0
0
0
0
0
0
0
79.36025210295561
317.9727719892302
461.3741558301251
620.1314245166121
716.132103166369
551.6679980190969
605.3784582374072
488.08601414623183
301.1573544402864
160.85902872979182
100.04069419379087
0.3769657953493826
0
0
0
0
0
0
0
0
0
0
0
0
65.76384504316103
255.19471908368448
444.87485693313243
686.0456066808026
743.862996833625
835.5849484879868
814.3384385222579
730.6738119230821
591.0190289235281
397.9775427267787
63.852588723473644
32.338811371552474
0
0
0
0
0
0
0
0
0
0
0
0
98.93869431104284
337.861005223867
511.51001832553544
739.2112815252053
790.175098686769
840.0515069717973
832.8582194084466
768.4352279452396
609.6598059146775
437.02684071122263
185.8707407860894
2.0943517928075965
0
0
0
0
0
0
0
0
0
0
0
0
45.26672800623288
250.56049956949624
445.25386081416815
585.2676682918517
623.222316729039
418.4681256727328
247.51810888246243
447.9165202059033
372.6765928612426
303.46575903672846
97.06372325972174
1.0896663631624
0
0
0
0
0
0
0
0
0
0
0
0
62.61099963504902
307.30430287608704
519.6048535710745
728.1540883722754
787.1200014234817
819.7760769941259
833.7283623578942
756.5439459448792
596.4122518555946
390.45700077615504
172.6356764862847
2.0196120708887957
0
0
0
0
0
0
0
0
0
0
0
0
78.82314438547382
359.0505212914056
548.9518973084594
733.9814808709539
834.9307798760394
832.929156078366
822.7663157312287
741.0437711076958
563.8267541925682
425.83670778813274
196.3068635732835
2.9166431584131542
0
0
0
0
0
0
0
0
0
0
0
0
65.64885710448583
293.5698205620159
496.1270651143283
652.099170632825
766.1228410462337
761.107810501683
763.449259849576
727.7365771433529
524.5848254111979
370.8541101036075
140.99533161925842
2.634507091298773
0
0
0
0
0
0
0
0
0
0
0
0
92.29921294895921
280.30168275400007
508.6954140136282
658.2044829192981
823.3484821770336
777.8136119168797
759.7869260658185
733.2108982685413
641.6454086198856
408.6795283906306
210.07771024631498
2.7575710809496767
0
0
0
0
0
0
0
0
0
0
0
0
90.18745709434067
330.5871381954489
546.2906118922547
741.1666276069069
731.5418029501827
804.9356974249671
764.1900894533156
721.829993310354
385.4552324380973
269.64965104051
167.9634058796562
1.951860294812232
0
0
0
0
0
0
0
0
0
0
0
0
101.78214831157537
334.42477425766583
475.1355094079605
658.0191040894065
833.0403552819477
868.171267056465
859.6714777498316
779.8445533098526
601.6460663857093
350.00606957194304
135.38931697648107
2.1620432473293194
0
0
0
0
0
0
0
0
0
0
0
0
82.30787361332173
318.6515857468158
523.5902443093341
664.8719295118598
823.5077281163691
873.918834240899
846.6629931618236
746.9663693834085
600.3047202231444
392.5256242498755
170.08460037952395
3.0180637309710834
0
0
0
0
0
0
0
0
0
0
0
0
54.264499602605945
266.59257831361174
497.55232052567817
682.9690859026006
678.787139126929
785.9109433226113
736.560928352948
575.8898618378928
537.3603890955293
435.45454198963597
235.80572529408187
35.24306255759668
0
0
0
0
0
0
0
0
0
0
0
0
93.6425941589277
321.4477690072855
503.47736195575175
649.9566997769581
767.9015939980376
721.5341800153172
709.9402085768111
776.4417884410499
437.32807402889387
462.6127176430497
205.41806254019016
1.4109415950951394
0
0
0
0
0
0
0
0
0
0
0
0
87.3980938825193
315.48156405462896
525.7328008265392
672.787573020896
814.602213423999
834.273352166069
821.1483957385667
744.6512365691466
646.8557368782814
493.3673749716356
263.59406477377667
26.462802644537287
0
0
0
0
0
0
0
0
0
0
0
0.014670138880443278
86.32433255973416
219.09721930418823
487.51548830328204
669.2109909231751
749.5314898111529
743.3853483535278
735.5120527604124
744.4991774108013
575.9566832170108
367.72756702473356
124.1453874326258
0.429348713263323
0
0
0
0
0
0
0
0
0
0
0
0.05329010603193799
116.69370352745096
313.22022350844736
471.97263569334183
660.7258397493648
747.1035723535682
768.0626884459583
759.0497736032913
668.3603237743469
570.9167197263928
341.948036497273
154.36069131888425
0.15264916417897362
0
0
0
0
0
0
0
0
0
0
0
0.009722596748122895
110.74384135680266
319.7327052683352
561.4807349522854
718.7791913164673
762.1592223820271
752.9409783253348
735.3711157584445
656.8512887182777
511.70605570640953
341.3934826042764
87.99742965256993
0.9837128447954129
0
0
0
0
0
0
0
0
0
0
0
0.11783819325822438
128.29600657654072
354.40748471402145
572.2856941108221
682.201176059115
778.8424828306022
795.9408432023579
760.7393136354841
681.3570774900014
530.0967050544291
346.6029509094881
139.97253836722072
1.1616474244678112
0
0
0
0
0
0
0
0
0
0
0
0.0929401943089792
97.23248811254535
302.6709338735668
506.4852407090685
720.1099797371334
745.2215472119885
618.5108950063448
687.2771724824814
665.7000105823213
581.250158312442
342.7859137231307
140.05098438303696
0.033958330835350777
0
0
0
0
0
0
0
0
0
0
0
0.11916053476734444
7.788858397214398
280.58380812554725
547.0106113509496
701.548221454724
782.0930044647167
816.3729554091865
808.4356811180581
736.3712255453188
566.3090672964399
385.47229135141254
161.5473517810645
0.47300399432891094
0
0
0
0
0
0
0
0
0
0
0
0.10178946890203311
70.28871254529211
210.18743297247997
552.1643735049691
708.202360446178
754.4744933339738
788.5233105116605
225.27752117080368
587.2917911129831
256.39598575053327
280.5983873140877
128.50476459903388
1.3375682535434692
0
0
0
0
0
0
0
0
0
0
0
0.10552403730694151
94.91361749987195
329.98007695201954
509.3130406533776
634.0275452929022
734.7779600441817
740.4297982003411
749.7941525533832
589.7971655626054
423.0738078150873
321.6876795011582
125.6379563087274
1.4579726568369815
0
0
0
0
0
0
0
0
0
0
0
0.12659810073561936
28.833650464853537
157.3229937925151
518.3377289603469
708.6727289977856
813.8519769671309
844.3164934924705
831.7365902312014
734.2829256663385
575.2384746130627
393.15893785177224
164.9342617289799
1.807889304545171
0
0
0
0
0
0
0
0
0
0
0
0.009593772226911365
120.38451151763137
324.6377391699832
498.475193807409
661.1149525744951
730.9291615688144
787.9221029694712
751.1554222007467
657.4943106723292
512.2325430032939
349.3463422129088
144.66673415226757
2.0487864695227085
0
0
0
0
0
0
0
0
0
0
0
0.07656857220755077
118.0489172753388
329.8607968392635
527.8622410099837
697.9776351522777
795.6417583120519
801.3655930522164
733.0545511327406
687.7493017987375
529.4823384080028
322.45883084175637
141.23680400186504
1.7547772849568137
0
0
0
0
0
0
0
0
0
0
0
0.04765360860679677
93.76104532268904
271.88072061987253
498.4815425053483
683.8223599314922
792.9754465041227
838.7894716939666
726.3242687403225
687.0656417828009
553.2360558257932
377.307378654175
164.5816743399689
0.8916022859705411
0
0
0
0
0
0
0
0
0
0
0
0.11123412474512048
49.124493541015234
272.226932252024
567.9603244123984
695.6937821601097
770.4374128348758
808.996336218932
792.6471633482588
562.7243461103002
445.0452698595945
250.12195112795536
87.06575826207629
0.892174958383997
0
0
0
0
0
0
0
0
0
0
0
0.8861250559695237
113.14427890873483
332.4790254684236
545.3100750050874
673.1257341442182
821.2087773547244
778.8507618257481
732.385431563178
658.5036757804916
561.002651151618
379.07752082075746
132.28186231382048
1.9918300828722426
0
0
0
0
0
0
0
0
0
0
0
0.12250217594583568
73.41729450046779
244.13729259064618
509.3380095971944
684.8107544803863
764.9527003984352
806.7045886965664
810.1751516469608
690.417104221242
518.2439243302925
381.9180327556034
122.58518922848228
1.8056008913769295
0
0
0
0
0
0
0
0
0
0
0
0.07100375639691034
120.22906577600195
366.29776378419876
545.3565661315682
683.1331921377082
774.4710214717358
847.5299562952388
827.2518665295325
667.8980375742436
586.7181083196334
366.0646260014233
145.45038140398913
0.6945838211418341
0
0
0
0
0
0
0
0
0
0
0
0.1375864737741304
125.66131779724454
345.1234869260454
552.5105946196599
689.1616508566686
758.3494503749149
843.4769944986408
777.6055738400167
668.1888780296097
527.1534527744791
382.24542019105183
164.0495715431272
2.0207726177522085
0
0
0
0
0
0
0
0
0
0
0
0.12788366552736613
128.70765847345498
344.1436494102839
543.2997096995625
679.0596175935772
56.00478193251905
95.01075146128727
85.9558162459512
253.05928953332054
212.89988060204197
205.25112226155085
144.96212524452696
1.5568855667017265
0
0
0
0
0
0
0
0
0
0
0
0.03675435705888157
109.26188487427949
246.8886948552407
495.817476741717
633.4305574428342
756.2910868325631
746.664571459088
680.4001781176378
676.3003396046604
512.6196696297345
347.8254571782985
158.47486910136993
1.1445091231548281
0
0
0
0
0
0
0
0
0
0
0
0.07722813553972718
53.69598320938691
227.34950796760174
435.93108422541934
559.6565506641005
696.6732047395395
719.2272582678235
700.0818493689928
684.266498073839
524.4285898054128
338.11187323256195
127.03226846388584
0.30716186257671735
0
0
0
0
0
0
0
0
0
0
0
0.024107989081618472
114.02205744786508
326.353962419975
568.919240437074
676.4905820911908
769.4490019619807
823.2792436130277
811.5778278735091
731.7796002568087
562.7001953224449
386.2831306422352
119.42717238859186
1.8388873728495563
0
0
0
0
0
0
0
0
0
0
0
0.019773788848786358
130.7674805662487
330.6291594723604
544.1273037168339
711.1888425736914
823.6292755969346
827.5727032042629
779.2811530629682
692.7930999535897
565.3244138421592
394.77231647008836
118.93935406646268
2.0417665383873635
0
0
0
0
0
0
0
0
0
0
0
0.013052023588179454
124.38664860077905
361.450271916424
24.801975477795185
42.26967852231776
0.8392132919286324
19.248476050247575
33.75207962034826
608.8306265369367
422.4100858084338
330.8553792350166
124.00287903944711
2.046505230813451
0
0
0
0
0
0
0
0
0
0
0
0.0018115257389411667
118.3386338183527
362.8896539202763
544.7064333795666
695.6201700644672
749.8732063600391
751.9123556531117
760.685914999719
701.5761690683605
554.9560768930329
386.72884589605604
160.2702386494402
0.8407812546829648
0
0
0
0
0
0
0
0
0
0
0
0.020799007480506473
117.73997738167249
332.9319219018372
572.5847171850885
702.8202389489239
789.2707811002995
818.6856850028304
740.0276152083353
655.5692147118315
518.9153505463868
369.2571413755179
121.2761634690036
0.9608976647952909
0
0
0
0
0
0
0
0
0
0
0
0.1513401661419833
28.042853211896098
217.88427202549576
518.1581294973807
694.1312816138693
733.1891638268064
838.8084475346253
732.9823146160475
655.9276579634907
583.9922222966982
387.52144255846076
138.06729931687164
0.20465395702910782
0
0
0
0
0
0
0
0
0
0
0
0.07108806591553332
93.55015912969273
313.568522789898
491.27608036723416
635.8102999573055
754.1227837535475
790.7678632704285
764.760313710901
565.3943148163714
275.29184933484675
354.3263998691761
95.66844655461703
0.5006703166321806
0
0
0
0
0
0
0
0
0
0
0
0.07317779335897293
99.70299814635653
276.38763717393533
564.3851342851259
707.7750523739721
725.8154784318139
793.3212134776362
723.866225271705
656.1942556073411
543.7358401320312
382.34631452550116
155.28998706424437
1.963429674121816
0
0
0
0
0
0
0
0
0
0
0
0.11563085904241889
88.88134254492712
200.26223328726718
487.4904330131021
646.758415613162
737.1977985463634
848.8659617195565
694.5015411175007
684.195963331223
571.6294620565274
370.92115142752
127.82846286987537
1.1841021942606917
0
0
0
0
0
0
0
0
0
0
0
0.04862209073680322
124.1517127608084
323.90200188789606
502.62387960420045
716.0432136591792
790.3355565822314
803.2886230732531
833.331764304777
704.4625021763904
571.144814573397
378.8618864886069
136.50066990539815
1.0441419133941334
0
0
0
0
0
0
0
0
0
0
0
6.88365451326436
117.87762984027113
309.19772633928704
492.5657001442211
608.5876439870921
729.8878600918092
734.2704967095623
734.7867786759846
611.385645143483
41.911190598168744
44.076416975409046
57.11880174052569
5.654857878197656
0
0
0
0
0
0
0
0
0
0
0
0.16031039843002784
49.54768896640163
16.092571142882257
223.24627516115274
575.9869167584346
578.3047968933394
736.4615827676552
712.6766065528143
667.0383923091406
455.20878012275784
30.06131635448232
18.26005727569725
0.42455356640652514
0
0
0
0
0
0
0
0
0
0
0
3.6656186190021383
109.87557088002532
325.0070869622252
494.6901203062148
585.8706560562788
522.6188452577234
759.6677696793287
729.5221086940161
649.8322771936267
526.4195265081097
331.9675991784824
121.27582911738232
1.402037499025698
0
0
0
0
0
0
0
0
0
0
0
0.5626765320965689
130.97968380297254
351.1162675467485
525.7878820394862
654.2152862087991
698.1882301693784
750.0480358667437
737.8047831131862
488.94609083665716
198.66522042414528
172.1994228653247
106.31937755754613
0.3942494408403393
0
0
0
0
0
0
0
0
0
0
0
4.843207542653116
130.97382951724626
292.196058871464
509.54527755251627
556.7679824837874
727.3401644930789
748.066988805655
620.9086527027457
480.5128147492009
368.13335355852905
327.77488381829806
120.79364603379419
0.1502345362164074
0
0
0
0
0
0
0
0
0
0
0
2.982550687192304
91.41105796798918
327.64098743112527
502.4560227634684
647.3644678886639
737.5598513034304
738.8037933008187
630.0640723190988
562.3920353765216
172.80461752410832
173.24388027587761
78.68773983832727
1.726502481000017
0
0
0
0
0
0
0
0
0
0
0
5.1780057772264
118.74707237251718
293.22085063933923
460.58022325231735
531.1729343252033
705.4807411668542
761.832405447765
698.3278578947782
580.2256834029027
326.79975459034944
336.1449804170511
119.55418888575679
0.8543329251574735
0
0
0
0
0
0
0
0
0
0
0
0.0006155309707669776
130.53573995367609
320.9605238359364
514.6664642477699
620.4472216251651
708.517971446452
785.2817540302105
758.9329050587677
709.6584375932969
540.6137240566869
315.93782797665057
97.31369945171025
3.3123500471195713
0
0
0
0
0
0
0
0
0
0
0
3.7549161305550274
111.21567011344108
312.7192883614997
550.9403718567355
696.0497453415907
779.4883376811647
719.303473249426
702.7526744739923
667.6775474920739
524.24174957982
318.2339852504692
120.01861681742045
4.300077927477972
0
0
0
0
0
0
0
0
0
0
0
4.948315562322935
123.29101125504144
347.2860923277822
543.4044163145106
680.31135514172
694.6957675712852
712.9242965591357
782.8000507051033
628.1499207943851
500.4664361004932
345.2238946604064
115.18887626181294
0.8700666105803034
0
0
0
0
0
0
0
0
0
0
0
3.8610880915734236
24.739249163485233
12.030984639488723
43.91164710195127
84.39327003136123
53.318195431401925
776.4928956806721
759.1239394060551
661.5095823080669
508.07116712343606
324.7237108045718
121.67546096473245
0.18605587193598555
0
0
0
0
0
0
0
0
0
0
0
4.206334884562077
123.75094734146555
313.93639591050373
494.75558283896555
624.2170087989607
727.8763178753694
757.9185982932459
701.2331894456262
640.4026428017606
516.888542945808
324.96636707102215
140.36076583718406
0.6219754344822045
0
0
0
0
0
0
0
0
0
0
0
0.2521643908960631
78.39552163329944
245.82116378781535
492.5562197988835
692.4570394597228
144.71770870488058
673.2623653823317
694.424264707181
647.8037837152148
510.42773545900053
316.34803581891515
110.26422551483955
3.9145645374116276
0
0
0
0
0
0
0
0
0
0
0
1.5747138618080083
126.57164546498069
336.8849072852472
469.1188994149107
519.966432905446
584.4741635982313
751.5563863258955
696.8547118608141
658.6656585127841
512.5812351389602
317.15917921038476
106.47749370027616
3.7369694210872293
0
0
0
0
0
0
0
0
0
0
0
6.515688911105328
126.87552909028317
312.32817705517795
509.0118207900111
644.8234413526569
696.6611553156662
659.6784649219752
702.0136289490886
627.5349435386947
202.26210022961996
325.042377233115
127.05160467347173
1.5948647888114607
0
0
0
0
0
0
0
0
0
0
0
4.5465890970947305
131.39377416428692
312.42583294936975
491.17041721983003
619.2070779506137
711.6135972942534
729.180379401579
648.0047417637722
600.5729117751382
465.76905929817946
133.17362655758333
66.10489578398354
0.17934269952212997
0
0
0
0
0
0
0
0
0
0
0
0.369366129226688
100.57847742019719
221.04422725268736
523.1147479382083
653.7534377530806
708.9343896818659
489.80342523523643
639.4227967396502
604.2116358832469
381.20383340807757
320.0415025109608
120.39921762009756
1.6987990480720156
0
0
0
0
0
0
0
0
0
0
0
4.065445798943259
105.77355291005723
296.20376762684026
442.8352891453862
561.9987501352725
694.8480216000974
722.8372593702816
291.7235365000198
16.670456337060564
14.393692665458195
2.359825645656116
0.5550115778485067
2.639055335188576
0
0
0
0
0
0
0
0
0
0
0
6.617085274826185
125.17279016914627
294.94822695600385
442.6125164069442
326.75981949322403
640.5066166708662
776.8066274017978
699.637675128415
587.1817792095325
487.20323581392717
331.91225659822146
100.2460547619912
1.1990527246755611
0
0
0
0
0
0
0
0
0
0
0
2.288105971781182
26.726933127172614
35.28490581396972
64.5808117444493
57.74277391688362
72.25910804655169
154.76425632814863
690.3654814842915
653.498036975965
490.33023691053626
328.9976709428467
130.75740790663346
0.8224465362990837
0
0
0
0
0
0
0
0
0
0
0
1.501117863110784
113.29518627940463
215.59571846770373
364.1262985745577
282.98152148733396
525.890563643433
436.1438994171861
317.9878907433415
256.58310528088435
349.23950786962394
103.38251549726385
114.76536688353362
4.204596124729788
0
0
0
0
0
0
0
0
0
0
0
4.83080905762065
116.2260119774371
306.96192080582284
462.188924031521
566.3671877129796
632.7411176266883
514.9859045729502
508.6688122098742
617.337699242185
476.87425430635864
307.96837310241256
120.43223932867815
1.2566283316621971
0
0
0
0
0
0
0
0
0
0
0
0.18288771851747676
73.75837511065599
240.5604290911103
409.55466698939523
677.6670344212617
772.4236110464642
739.7604386128876
691.3809151668739
666.7929999176594
498.4865942927809
378.2828897391933
131.7422055709044
1.2000327909989261
0
0
0
0
0
0
0
0
0
0
0
2.8085666515778636
129.06367155848235
286.7365006242406
485.01376732764015
687.1662668755845
779.814383283304
109.46727524629101
698.1179406461722
648.5373985528685
502.99315696984746
331.9602980927989
120.93320562320702
3.171746791125422
0
0
0
0
0
0
0
0
0
0
0
4.080220016630775
128.1426835579637
343.46849136446525
497.39563532007617
650.455042192463
756.1551568177262
803.5716148527559
727.3304866469653
632.0783618151709
486.402995266373
307.67252523408393
123.17181775717063
3.571299773137634
0
0
0
0
0
0
0
0
0
0
0
4.285377568053367
125.60476717105556
321.69790855694447
520.4333653855966
691.7640137644545
778.9745017690342
761.5232909539972
731.326449777125
507.59135109941417
452.3425796918104
339.2786881127217
127.61446229457889
1.0562491905841138
0
0
0
0
0
0
0
0
0
0
0
3.5494588555779076
131.47183830829678
321.96514373643913
528.3258646235488
665.501289818085
691.5361776600989
761.2325804368515
687.9333228776617
615.7210916998919
444.0749425172962
168.583531620222
55.80540540143763
0.005264738258711267
0
0
0
0
0
0
0
0
0
0
0
1.7371058170205114
114.48708378669986
263.6159843638882
440.87177139337956
471.0278568433204
608.3613688454332
749.1543798471945
692.4202841478462
618.4838349188103
446.63496319957824
317.9100799671712
132.1572469893966
0.8220687786852194
0
0
0
0
0
0
0
0
0
0
0
2.6901856175034897
104.81975800739619
92.33611522874929
220.84748838243587
619.2339087649165
428.947127779587
743.9407781548852
704.8969149190374
633.2346025435888
514.1730593241189
319.6935757801691
118.75098406057828
4.180912459659082
0
0
0
0
0
0
0
0
0
0
0
2.2885245607533884
92.92705267014958
268.5129164458534
514.5288928347636
616.0036595668114
707.098663745902
733.3847292839439
740.0956052422758
628.1311948480266
500.9915890230381
356.24375284783264
131.0231616208024
3.601389836149586
0
0
0
0
0
0
0
0
0
0
0
0.4798135007427757
106.99671636414983
265.3623228588433
471.4943478343378
657.3942012384467
716.0368305749699
630.6388941718182
688.3557454152868
349.5337636208492
331.5050595083893
319.710425873683
142.2737662037799
1.0199017829644517
0
0
0
0
0
0
0
0
0
0
0
0.6431973132499752
79.2224452019831
238.54868849755235
297.98650861374244
10.379851365105408
611.712569650078
653.9741271342855
649.8071902340288
420.16721567199136
126.24981208384304
223.90911859035484
144.6852756849821
12.170176486900406
0
0
0
0
0
0
0
0
0
0
0
5.430632118714752
66.67933645012202
228.73453323258983
369.98992922346537
592.0646772955488
666.9933023926425
716.3150972770134
673.1696069032795
529.4335462599563
426.02605295495766
266.74896919013736
126.45564198484327
6.468641616268339
0
0
0
0
0
0
0
0
0
0
0
0.8091394223948591
38.70015483106267
164.52665269278617
516.6245933943062
653.1817561651883
652.4705683822543
651.541436890361
524.8340199489314
472.825304657136
453.16622518360003
304.068240869461
140.72757798067275
5.56071235092325
0
0
0
0
0
0
0
0
0
0
0
2.0859947044908362
96.82609390220514
218.05723412680982
457.4144268731774
583.0575105864136
674.6074994223305
676.8967087060606
696.3789915120796
54.461220644715
23.199308676966822
42.770757994886985
19.81054319641144
3.549524751841494
0
0
0
0
0
0
0
0
0
0
0
0.0966022693677931
80.43537270498271
239.21712419191462
414.13240516074853
571.0932513035661
690.7740720424305
751.5964997574254
710.6210038936869
607.3418312187378
529.4825089829811
327.2834819634728
145.22688730911798
4.038216041875266
0
0
0
0
0
0
0
0
0
0
0
0.0017774463396059966
77.26392488792425
222.2457624226739
351.18890364986424
544.1465665498009
680.0969747645906
735.0702011792869
712.6085416772229
636.7991072315518
466.19794268937494
321.2654948322907
134.19446679300432
8.228704432891124
0
0
0
0
0
0
0
0
0
0
0
4.388282271337124
82.43072408365089
273.66610361729045
477.32654509597484
581.5126746686344
688.8635723359264
714.8466596477577
709.3103832675505
621.0186675192724
482.5221070246379
259.8209632276742
151.9405815463708
11.32712064383846
0
0
0
0
0
0
0
0
0
0
0
0.254477690154726
93.61986212349142
279.76635193553375
517.2012638858678
649.356716869163
733.1529973812012
747.3748293761549
706.9732323534066
619.3351243908345
500.5455600865811
354.4679823549029
147.15048943541782
8.65438929812574
0
0
0
0
0
0
0
0
0
0
0
2.4684196782848615
105.24815352069844
244.24522688294036
427.9137927743772
271.98860252628003
302.14291201319514
573.2587739495548
524.5252561744517
65.52914089947916
15.892000236612226
23.149985244659106
1.771222760463584
3.3374426778328354
0
0
0
0
0
0
0
0
0
0
0
0.28254549344066987
82.96490658164173
168.31978266907424
343.5530739362015
545.7727585255852
681.7609385871357
697.6555378005897
686.2366327010316
633.5191299396577
464.7282450884257
329.48944907485117
145.23633116750963
5.584394982155941
0
0
0
0
0
0
0
0
0
0
0
2.25219821184767
99.21252625653274
205.90529592539332
417.38985013342347
538.1741582994464
665.8681981107886
710.7872378399546
665.8124867982119
603.6830484052027
39.275376122665854
35.36291254036986
29.116991708816713
22.86098410707355
0
0
0
0
0
0
0
0
0
0
0
4.4619744408309705
115.37821146766927
310.27400890918597
405.7009091138485
610.3112993965369
664.3559946105116
388.8716716692853
445.44872069448706
76.68262676664834
30.254418278840287
42.6013531918141
23.428601017178252
4.9082900524882
0
0
0
0
0
0
0
0
0
0
0
0.32223971795758555
78.0566224569618
287.5749893108558
424.3550126050375
598.3832414120883
672.9060885007416
732.0561202290601
707.5025269366631
638.6308754033848
458.8865391172071
356.5178230642255
196.6907088409835
15.411025397058488
0
0
0
0
0
0
0
0
0
0
0
3.2280362755001266
55.73357425468414
188.43836332957372
438.86842948429734
573.7330657430456
253.71539677437733
767.6979906753726
716.9931158896883
620.8588824827243
477.07739747281937
312.900460404393
144.86727676655647
9.889921284075605
0
0
0
0
0
0
0
0
0
0
0
1.3672018713144676
109.24972722213285
284.99148227226726
475.44604017225305
598.243641131742
664.875256301581
763.509863653562
374.248444859483
363.26997605429835
168.61702460335678
231.4212717218642
86.70845621956853
2.4840290607499247
0
0
0
0
0
0
0
0
0
0
0
3.090077529470072
111.57540331549222
313.4204010490648
484.46944407636295
651.6045454733115
329.8014576060603
608.1323487805096
589.4542190504828
589.3291168300332
473.8366955100804
312.8643018014098
134.87953434081462
8.66338294697886
0
0
0
0
0
0
0
0
0
0
0
4.226793103769473
102.21385589716239
298.4082027830632
436.9805389213613
591.56388121826
637.961861711521
497.79150467542587
543.1712944633865
401.32054878102207
156.193419540867
278.42194082729054
131.35605166119353
5.726425046584027
0
0
0
0
0
0
0
0
0
0
0
6.092243503736863
117.78672122425829
308.1841648528674
490.2088449016935
635.0100639240452
725.087300971586
696.06012542306
697.1894665059921
600.0498832374265
449.3406963906373
322.522464093588
123.34463127064059
7.2609739638703354
0
0
0
0
0
0
0
0
0
0
0
0.08875572912826742
43.86352160924514
34.8482194105291
78.47278596103676
226.17364033939796
482.9609525949129
288.8018256048583
690.7506140627156
572.2107613087736
487.39844709975847
314.89825156390623
142.61447151362086
6.833327105834862
0
0
0
0
0
0
0
0
0
0
0
3.216200854550248
18.4158031178252
314.915201975636
512.464735610924
650.9795776253657
725.918352167007
604.3780042064068
573.5943937982595
464.5041173253238
513.1182206587787
319.8388915247015
144.47092535925705
8.655600088258447
0
0
0
0
0
0
0
0
0
0
0
2.3686565391164667
104.64145486466973
302.8465779878575
473.80716954520665
586.7570538369416
707.8203111908292
768.1388556598974
739.9528933503709
551.7144015230201
510.4353591613312
323.6263117699785
128.89183011682738
8.888886529666694
0
0
0
0
0
0
0
0
0
0
0
0.09291066298891422
84.59698359943059
268.3746757410616
427.7442997916633
548.8645497437886
688.9338599264353
745.6015143016848
725.6149091951136
605.7089333749809
519.1497095846081
322.95883090030725
121.39883455835403
6.73659959565946
0
0
0
0
0
0
0
0
0
0
0
1.6327061576470154
115.98939725082079
294.7732591222047
260.8778102796787
453.208080250903
651.1242694222866
607.7067243732808
567.770528381643
333.1180345223079
171.75923498020967
293.1736794054992
121.34995345451246
6.718075829692761
0
0
0
0
0
0
0
0
0
0
0
1.5755834665798716
90.91520420472203
278.0873931499595
460.66574732333396
607.9296414013171
684.5701093766861
697.2012356911334
691.9286419615502
639.2999363885029
528.303456282564
315.7201927453101
145.51567715813886
8.73205992412711
0
0
0
0
0
0
0
0
0
0
0
2.5199765119791397
104.45502540510401
288.7768119703612
463.2413550450755
611.4182477572492
662.6203028514705
729.8006820003832
718.7564953372805
669.4754654561815
496.9233546591234
323.2349610875784
140.79845027310702
10.133633427499548
0
0
0
0
0
0
0
0
0
0
0
0.2794169232006111
75.8915294933767
227.735841190867
339.7838603599753
150.40405074669192
690.529755476382
707.490168036317
666.7071645712866
600.7831465282518
495.0163678163512
309.6593941499255
136.4552633689445
9.65481117817178
0
0
0
0
0
0
0
0
0
0
0
5.371483963954942
111.29638188903326
299.4050324282366
474.1240576909779
658.9880545951369
690.0231488458646
711.3405981439548
693.2166644522107
545.0749291360075
324.5458300276555
156.76905220344696
142.68319667257353
3.6500247917538235
0
0
0
0
0
0
0
0
0
0
0
2.944377662988263
109.65619603430798
293.7062338486577
471.1762688526738
597.8220715697921
689.2441458683161
687.1729048650141
697.3770701146345
585.2414452302736
432.9746201636214
45.462282141362664
21.84403792333646
6.581130220059597
0
0
0
0
0
0
0
0
0
0
0
1.4174714666540762
106.6659800812286
294.855921406433
470.803933055182
610.5187706417677
656.9954211692474
442.1304133942706
557.2357376868086
435.3657256331724
492.643028665117
319.3621774280682
147.5108387014618
20.829254142731322
0
0
0
0
0
0
0
0
0
0
0
3.2355235394218056
79.08877357941665
287.01607221020606
500.54651924136414
594.4377232331876
576.5810372814559
445.36996192617477
644.9847636535792
378.75338611113466
230.837179383966
177.73990817289058
133.88005407964405
7.207964369252892
0
0
0
0
0
0
0
0
0
0
0
0
98.27765337565633
268.5400528875056
444.4475809867629
547.1439750818319
676.2821371949759
738.1000210606701
530.3291320335594
399.6346490995299
481.5409915891754
235.34560237695874
105.71062326666639
7.055983104559944
0
0
0
0
0
0
0
0
0
0
0
0
94.91675238281563
198.0288959578932
382.6566775430704
334.25937580018285
535.9831174755356
583.0407221603808
691.9291943584232
636.4000209734262
526.2023042606273
355.8655634955706
32.00322374915938
11.08844758217355
0
0
0
0
0
0
0
0
0
0
0
0
47.516462558455785
219.43312070540856
418.57769556155216
544.4206487451589
685.0230281180061
737.8149946548892
698.0567693029577
628.7714628083586
556.6513607322986
303.4276270398298
18.88541943014416
6.607294909331563
0
0
0
0
0
0
0
0
0
0
0
0
98.51688893065537
251.01436326772432
376.3015101512216
499.2557501056444
339.11952702912475
488.83265516048095
294.89435353613976
391.3701822990663
498.64914715574577
354.60485863335
107.79218592726801
12.153760923940654
0
0
0
0
0
0
0
0
0
0
0
0
63.30523776505408
282.7929150394975
384.7301963283815
453.76972772421226
703.5751488097994
779.6453488200023
733.5581305754504
635.5076198900734
511.12215265861533
358.72608388526976
126.06274342765147
10.925158296947167
0
0
0
0
0
0
0
0
0
0
0
0
62.203276562152446
187.25986834005008
509.03019508818716
632.4095907996622
745.9650271530359
731.0228357651926
691.4879160288558
606.9144451147646
544.7291826367849
333.1528592744214
150.07309069299347
11.292886069032194
0
0
0
0
0
0
0
0
0
0
0
0
73.86755091692912
282.1002421763236
391.15245322303616
478.92262218205815
699.9469308356777
649.8537557341639
719.0502088088848
646.0100110924882
473.9189884350743
143.32246414148042
116.162979854688
7.915954566768079
0
0
0
0
0
0
0
0
0
0
0
0
94.59077557072983
237.4053235876403
509.29426696399696
559.4104974499797
512.8166385817036
584.9621668907681
697.8527015238575
662.0492290148419
496.18846459160085
362.66426873901867
152.35620054047192
13.780725676590194
0
0
0
0
0
0
0
0
0
0
0
0
79.83099822021397
99.19698453607441
483.8417829010213
590.5040930166123
700.9297241702895
771.8064111350365
677.303107021617
488.59752202240503
232.5665436841272
60.989349620195554
92.9109543543476
10.051557276253122
0
0
0
0
0
0
0
0
0
0
0
0
9.34429669281442
23.648662561379517
38.51038337715935
73.91327083399503
86.99059158987224
58.167429627093945
62.91566491272665
90.87080328252993
75.23899756351608
52.70221944727809
22.215612757124113
0.32083026437600476
0
0
0
0
0
0
0
0
0
0
0
0
95.2892314357963
274.16453047998243
449.34901243876
573.5756549558614
701.7874092519498
698.8781528715846
706.2678233271314
405.74334568518145
478.56921881885177
316.6561864496515
156.5215549332891
9.507516155892441
0
0
0
0
0
0
0
0
0
0
0
0
53.44308488806758
238.41407756788246
442.5637533841868
603.1404571577468
668.6527611553067
764.6827152397492
729.58627203031
630.8776001094196
461.25970141363274
344.3251952986783
162.33530884960808
12.408100708939035
0
0
0
0
0
0
0
0
0
0
0
0
42.665615540140664
97.88659150880174
35.259851013133
258.08313543054055
403.22414374769875
562.3617331494144
614.8437177225188
529.4273141853829
487.567445827141
330.5243319138303
161.82455834283724
12.230281412997977
0
0
0
0
0
0
0
0
0
0
0
0
100.83810531868102
294.740064662304
462.2776957955956
656.349016174865
693.2498537950685
459.19959382989816
725.5018989302386
588.2561913867485
292.8290480355161
314.7980817372933
126.23586918233498
11.990147425827484
0
0
0
0
0
0
0
0
0
0
0
0
10.068347548965335
36.505563098503906
49.46961592345558
67.52685440037109
99.5006710730528
509.0119606729644
521.2751032200449
601.9766170654249
79.64403723228288
75.06377353127887
74.60982818093159
0.6358850060790682
0
0
0
0
0
0
0
0
0
0
0
0
59.49544846751487
288.88010036148324
497.5819754988103
673.8270710506059
714.1130444746253
720.8921527048691
635.4913470301852
566.5929732334614
499.7308365254122
327.81957859482463
167.33026038881417
13.131993630456726
0
0
0
0
0
0
0
0
0
0
0
0
88.2048940199633
302.3335203255582
483.6842597622586
569.5616710791464
615.9453882579878
745.699739569396
667.0639175467247
314.92666508998525
91.3453311985624
188.2649721765024
168.9226025771394
11.807075194636242
0
0
0
0
0
0
0
0
0
0
0
0
99.31089985968988
293.5116054611752
508.6234839533937
606.0654747433931
658.9822030236056
554.4943337712576
762.2283097778487
688.7290222165348
48.57889388937957
40.9948884863526
34.44834733833423
9.961184180521835
0
0
0
0
0
0
0
0
0
0
0
0
92.95426118978135
220.69014313775526
347.3926031719996
519.5986611912488
624.3381362900395
565.753664801416
513.8055212030597
74.21514371452109
45.76241829224886
159.4456568901618
51.17013058603331
13.63508931903549
0
0
0
0
0
0
0
0
0
0
0
0
98.99715187750391
294.4492164749357
478.05876516583544
593.9220057352052
726.3612073999308
763.1849930894964
758.6440760330902
706.8326648010062
552.000697521277
116.46534115489074
127.6759321737391
9.909814594834268
0
0
0
0
0
0
0
0
0
0
0
0
90.27351510860245
226.20819168289728
368.65322042027526
400.87237400253645
56.01508458286864
104.41465182942187
92.077230082706
136.35458427434037
355.55926806694015
249.29137811382265
135.49045032351435
12.176163597350847
0
0
0
0
0
0
0
0
0
0
0
0
58.60709470916325
231.8789997029817
446.18516822282646
421.437218659692
386.3642223293276
625.304703400947
630.7417187882919
503.0188892166147
522.7779757489552
328.86256508620215
148.20443878064756
11.997544843313692
0
0
0
0
0
0
0
0
0
0
0
0
96.9001795119664
238.03849106506374
478.1097076883401
643.820492069525
596.1972142672577
624.0698609607875
417.0022268342111
258.67380408398384
199.67533680334859
31.681259164534755
37.64697487398951
5.101701847313982
0
0
0
0
0
0
0
0
0
0
0
0
91.69423607006006
256.29803682605166
468.61914272540713
611.0638512888361
378.6481552545696
481.3806672984997
288.62909353746437
582.6988924174292
458.86266323925776
330.1220867476858
165.08272877159408
12.32424460682484
0
0
0
0
0
0
0
0
0
0
0
0
96.1315125792749
293.2496084196629
478.07718308297575
626.6811206436008
643.0343622954807
627.8593591070122
411.91651496608847
557.2605401393783
54.91371793931935
51.17369827270697
14.586744782440443
7.353181053319804
0
0
0
0
0
0
0
0
0
0
0
0
38.98399615341808
210.12601808395914
385.9851837550689
642.9739241368809
735.5117445894024
625.4492472210302
642.3406695320007
600.1396271162167
399.83536747543593
264.46654884399663
159.07386077637832
10.489467730675987
0
0
0
0
0
0
0
0
0
0
0
0
100.47641666123288
305.22116056200105
403.35899973401524
593.9408642513087
584.2398517980166
618.447840794421
265.6330286859915
120.46873657708284
207.7451903420135
249.20852783665939
129.93492133324304
10.251547217251796
0
0
0
0
0
0
0
0
0
0
0
0
90.545140735707
236.10787073202204
171.2769895401933
159.30045653603509
440.28571384224387
552.2872055660793
710.0542079175766
617.6597620734758
366.31009682632094
373.67239975105934
150.77554699148942
11.843896262340879
0
0
0
0
0
0
0
0
0
0
0
0
51.97770281581347
128.12258324205533
38.27829303556942
88.93005439538967
108.78142018794499
163.70507864134572
161.6823508041093
182.6081619477913
573.0617961320886
373.2179082211391
165.44264079956946
11.808456875406852
0
0
0
0
0
0
0
0
0
0
0
0
97.739530084475
272.4762378269926
482.0036507780526
624.5071213666929
691.5218768332212
695.460216963793
599.5644100400193
516.5801206755369
443.7479556453718
406.2357915367164
174.49842476977588
13.63917592522012
0
0
0
0
0
0
0
0
0
0
0
0
92.90279649348324
233.85596771004637
425.9542068474455
584.782624415886
681.850967257012
721.1182956100279
737.8097282785815
628.0515980608257
536.3068724104891
364.7722439605377
166.71543098002064
13.499001048064086
0
0
0
0
0
0
0
0
0
0
0
0
50.17144176585639
125.71906287417733
243.5297800801657
423.21589091254907
680.1013226535752
657.3269919961298
759.7337911169678
637.0097874519598
368.4739047413374
99.03260114520762
111.46383841970807
5.56288065018928
0
0
0
0
0
0
0
0
0
0
0
0
29.424303084888564
202.3702827977051
352.9622605907466
259.24775605433035
351.37994623107767
762.0673931201658
618.4002845882991
566.3198077669789
594.7291253248934
398.848316255132
171.13134503974084
8.27835340374066
0
0
0
0
0
0
0
0
0
0
0
0
104.42859428651883
321.083065198913
489.67187895123527
636.4301446466892
732.5040236435966
835.1083853891047
769.7878288799687
756.4949435523
582.3623399600593
360.5814778694985
169.39442567138687
6.518070785046456
0
0
0
0
0
0
0
0
0
0
0
0
90.66618503917417
305.0478583552923
416.5873611422853
595.9711473287986
808.5377782581659
826.5688421911234
835.6803462902647
565.1350376307522
573.4704406636076
386.0094917767676
161.7285272041282
5.7162278598039915
0
0
0
0
0
0
0
0
0
0
0
0
98.6013025540481
296.2664417338127
522.2175109972958
372.136489514115
511.69491079743557
623.9623722022321
496.4552074034785
696.048786669212
590.354993143368
404.00471515908083
167.52128721177314
0.05498499586583634
0
0
0
0
0
0
0
0
0
0
0
0
119.77119970362955
344.1542414070423
551.6069947404329
715.2422406291522
690.2278576434503
723.5735337043068
494.86942917241186
83.88244705662086
0.2934944988748065
46.176733086518205
18.204392817295457
8.685111229643287
0
0
0
0
0
0
0
0
0
0
0
0
44.300584283459834
221.27845805431633
321.67505354720595
286.1638638447417
374.9392882912089
259.0635362458767
655.5427070313344
446.23077227821784
551.3374865144056
403.37565364641296
161.83709329594484
7.0831622050731236
0
0
0
0
0
0
0
0
0
0
0
0
82.39554597573449
306.92476485946514
523.0815050876165
685.2515797168999
828.6431212943947
756.6801895011515
778.1483706820623
662.4185740636465
561.9022108958735
404.61855199133834
182.37278364598382
5.011919823081904
0
0
0
0
0
0
0
0
0
0
0
0
77.89976004573347
59.130023827272296
432.6502728084401
588.883668672974
283.77767335846397
59.94727086055592
88.34472090997397
78.74432401752132
50.97455769370344
121.20143510139414
22.733111704352677
4.561475331756784
0
0
0
0
0
0
0
0
0
0
0
0
28.291848125783776
77.08667698033575
64.94901045952156
62.65034904423497
329.2166521702874
251.37589252761964
210.53418602645377
322.19474572745884
78.42605355038216
33.5986975616816
167.26751051251046
3.1286623853287017
0
0
0
0
0
0
0
0
0
0
0
0
87.78578580061725
301.51502297334036
454.83201786819416
699.9205196033209
799.913076586431
753.5630383024668
738.9757464473021
707.1994167706179
528.2733817833561
311.40278737082576
122.72466822036095
4.351501398649807
0
0
0
0
0
0
0
0
0
0
0
0
8.446383288010107
0.8166430073253879
69.56403020190734
88.318382450012
382.0062247547784
496.07094380173805
722.6309657856266
378.65464851590554
196.99663431272722
178.18515424930106
134.45078272076785
5.328413801618499
0
0
0
0
0
0
0
0
0
0
0
0
96.4223373379454
325.8394971037956
501.33082634501704
583.0205197030211
713.3680584204151
679.5227834575643
686.7217096954118
688.5735179365959
576.2060762766284
401.30999315923134
156.33364140141816
5.894003585753155
0
0
0
0
0
0
0
0
0
0
0
0
94.63342862768452
234.53933982337028
327.95203688765565
427.7680289088542
495.2056895820479
771.2248073390718
651.5141947885703
82.26006319200766
118.14965495417309
213.65095341102517
140.45479757116198
5.170228704627961
0
0
0
0
0
0
0
0
0
0
0
0
100.80229340660111
214.02260045742148
473.21951019765714
675.4380544865273
722.6178379368965
855.8429020961992
813.415128573614
730.0589273446469
570.6466653689866
402.93058422249214
161.69610140729532
8.17983862002707
0
0
0
0
0
0
0
0
0
0
0
0
78.09445425340441
116.92341295023837
82.4845911729915
254.16793348388205
114.1119411288302
304.2508187396616
774.3863239191242
615.9774395064002
91.69991314421361
166.92182454609576
44.63529136258269
9.939634469418245
0
0
0
0
0
0
0
0
0
0
0
0
101.6344820203884
286.24602636970593
518.4502469899184
480.747905198206
412.79614952633386
495.84869501051776
338.1933005439691
217.2445151395703
224.43459271369878
322.1336886297048
111.10116210080066
3.4441246612130403
0
0
0
0
0
0
0
0
0
0
0
0
106.74625663717924
302.1950830365139
491.25421256514164
656.355551216819
736.6491800655511
805.0405226267386
811.2366637933211
749.6744632277764
587.4649478876238
360.52444573999963
158.67496731609694
1.6283871691463032
0
0
0
0
0
0
0
0
0
0
0
0
19.763698183305625
203.30335683192783
478.99486852682253
571.1208174341867
604.9574301870641
770.5804587905354
741.4415611157121
719.3906939529481
581.9475538532439
376.91046885743464
158.8878262194177
0.06430101486743046
0
0
0
0
0
0
0
0
0
0
0
0
25.618605073528517
209.87817852581227
388.0114889813166
552.5561229102975
611.38977927704
75.73083350397698
234.23574985587697
369.59108909832923
349.9683634734273
355.48709510590294
165.977995783268
10.780487251510905
0
0
0
0
0
0
0
0
0
0
0
0
87.30834571786998
287.5664954398989
534.6747393055149
665.4946005587193
768.3769731640596
795.4848331442764
633.836703283865
668.8195941185102
584.5289414042179
350.03693520123295
163.46344204955975
0.22839054974614847
0
0
0
0
0
0
0
0
0
0
0
0
35.385359853295974
43.143975723928236
92.93540453343027
289.9753668365561
592.612945440022
831.3771493943648
787.270750539624
671.6162599808357
570.0406951923319
350.3589876230194
82.02574750746686
4.406922183386431
0
0
0
0
0
0
0
0
0
0
0
0
92.97437991827792
88.84577804416207
44.963636842856374
66.79705172379653
85.85224854461275
276.61457130328733
211.05826207022736
108.31131558462536
412.5727484714668
60.78325458361701
91.7458090802215
7.3544077930392415
0
0
0
0
0
0
0
0
0
0
0
0
112.60567227075931
343.30787660781897
474.02076144549716
411.76634389745095
598.7477594307531
719.463282868639
773.4936172533994
452.7853743368502
316.7484603283864
333.04153871211724
164.9298527366368
6.914177902601516
0
0
0
0
0
0
0
0
0
0
0
0
80.64079883925505
161.7479846580785
238.95012267526155
647.7449420833703
443.1578263603178
458.0456397035352
481.686286898955
313.624858836
63.05364919996019
73.1411119790095
95.21308528131904
1.788110758690137
0
0
0
0
0
0
0
0
0
0
0
0
114.2156370505985
315.51047868915947
542.0023369369397
725.54
828.7
860.85
765.3303294418703
728.088383870813
269.1738889131326
389.86645321590356
125.39400682313604
9.561189910705243
0
0
0
0
0
0
0
0
0
0
0
0
50.449429508104735
204.31568951320492
437.2951023898182
318.246998929939
472.58387550921304
723.3232400133203
764.8753135513508
597.3424044997203
193.0326006191091
193.40584509889598
90.54439742740848
1.2841731573605089
0
0
0
0
0
0
0
0
0
0
0
0
119.71291964986099
348.11001600654356
530.783260310744
702.3317819292441
737.8793412472927
697.1254872116868
596.1410584314618
441.24963003135235
454.74465680818406
381.2017299782894
166.8205702263052
4.145776762172683
0
0
0
0
0
0
0
0
0
0
0
0
47.672182991823966
153.2800499953025
149.6933182526864
48.6029962605885
100.83599525222911
178.82708130004286
424.3492693903018
147.91033032776363
488.8949700021234
144.5900559129012
82.71077726783302
3.714107619914408
0
0
0
0
0
0
0
0
0
0
0
0
13.850053625991025
200.76049784991926
464.7184318863376
462.591257025399
245.2520092958625
403.32801139883213
367.1488901333669
555.10905488306
553.7202157739218
392.84366189721254
169.3996277691024
9.495066720237592
0
0
0
0
0
0
0
0
0
0
0
0
88.65015497437886
233.17579738818552
485.50375778746456
652.9741893729138
752.5387523760744
819.4913129979078
772.9213664378775
615.8679288116969
474.55348216375404
287.4715915277559
99.46923029290001
2.9204603005857854
0
0
0
0
0
0
0
0
0
0
0
0
35.481194506247206
157.32657909267047
283.26395151960446
544.9025309301724
726.9246183705428
669.998793284892
819.1688829827964
687.920759531527
409.94156879095897
346.049337716381
63.27644392423058
0.48120430904886996
0
0
0
0
0
0
0
0
0
0
0
0
121.9239897473321
239.58188766825586
234.4507707398543
547.7190491438188
787.1518069455883
646.5426537863996
299.28919616874674
209.2644925074085
412.03041961522933
263.65588146243846
132.1103795582413
0.4394230650339808
0
0
0
0
0
0
0
0
0
0
0
0
107.06136467179678
360.51508562296385
564.6194003996693
706.9695698523172
755.8245350820092
588.5716990326155
734.2153733363675
535.9570834220102
500.2729184864373
347.72680092028753
115.01061858964682
0.3547437138413298
0
0
0
0
0
0
0
0
0
0
0
0
135.1777117970391
370.9860390652046
556.9787091145956
676.371799562184
830.9317769011701
838.923749695068
809.6042126376943
700.5274337864472
586.0913658362954
367.59245142919514
149.2311946834365
1.3218790235202555
0
0
0
0
0
0
0
0
0
0
0
0
138.69279413610678
349.65108646978894
484.0166701438065
152.1650045611259
182.6991726081646
220.4390280711699
303.28198082027353
674.4154436511126
593.740428650784
348.7320241080126
116.71281300241489
1.1583351789539933
0
0
0
0
0
0
0
0
0
0
0
0
86.58535765612257
170.66261100890745
149.54753032364601
135.5179788382641
132.9520757638221
81.29262193650435
281.28276880726014
502.2383678089279
515.6311851906481
339.7657343402112
61.86051445084724
1.1952099393177238
0
0
0
0
0
0
0
0
0
0
0
0
125.02812212869937
345.9184052532489
508.6900241943008
694.538810949876
794.1681898105094
841.6596097333564
774.2931182148325
685.6081766478668
556.2048715268976
91.81832823603793
58.31350901439231
0.7614101233842963
0
0
0
0
0
0
0
0
0
0
0
0
45.08072848230544
122.46293242133828
483.0153549875447
715.5893827679516
826.2760950954106
860.0352179345311
816.504504705442
747.5789150932167
597.0115315623525
342.4702480357188
114.12161434493002
0.17945080913306566
0
0
0
0
0
0
0
0
0
0
0
0
51.388519487289265
228.8644228139042
299.34754627352396
520.0585825645036
631.2445123532033
593.7051601350508
359.4967545980338
328.33542963393626
60.261841942265235
35.45897926383219
153.2521352022385
0.24482844670337617
0
0
0
0
0
0
0
0
0
0
0
0
129.92610427073737
358.75587004543496
575.4642672799789
735.9433323718038
760.441354325445
852.167672588563
835.7586773852279
639.034480603493
596.2778893393219
402.15330397439516
152.96047230327187
1.437624505029912
0
0
0
0
0
0
0
0
0
0
0
0
122.03522808048929
350.46200650440363
547.1794356019816
652.0281021565315
841.2619439790112
861.5587475650971
751.9146384671368
697.2583662012723
599.0022447476142
376.5127054270832
128.2320460310152
1.1035832116062574
0
0
0
0
0
0
0
0
0
0
0
0
43.73551958544961
83.21781221621558
310.83855476601684
378.4161221721777
436.67066026969667
592.7611023079492
748.2486769349449
297.8570840705051
252.78429063842788
128.2494626322528
87.1537061650251
1.0717076325845358
0
0
0
0
0
0
0
0
0
0
0
0
66.20437100921883
297.6818386521145
386.4705106156786
631.0480336599277
774.3707041599488
837.2730218535467
833.7341570511112
686.5409077372657
522.2107582569605
171.86891306769405
67.63845155458661
0.3095285286738393
0
0
0
0
0
0
0
0
0
0
0
0
5.182825088718771
228.7200184879968
406.65642283210803
287.4753868885648
608.4325863855452
767.0964102150165
773.6768475658159
667.4172236342004
554.0723537613842
336.7946017607121
122.36424547876692
0.8048070774341236
0
0
0
0
0
0
0
0
0
0
0
0
95.69110752989249
321.2301126722184
221.61639636231743
413.42248905571915
722.7746983232634
858.874709228711
826.7088129265771
719.4748469322171
521.5570852861028
278.4933280579836
126.73101239242261
0.03180279030633288
0
0
0
0
0
0
0
0
0
0
0
0
16.765486615271207
78.60589611356252
244.38168535165312
637.7062432284946
783.359921007327
837.6086907005736
809.3420456576496
692.346268363576
587.543585812689
401.3066227292129
147.97363072099355
0.4667749489280938
0
0
0
0
0
0
0
0
0
0
0
0
92.14782206055521
385.821681358816
574.4182165756947
401.79975850995663
660.9809185600844
685.4522875085137
473.2361875917696
686.4987529478079
572.0978655209834
352.8487244386679
113.23150046744378
1.3947153134322379
0
0
0
0
0
0
0
0
0
0
0
0
144.65293882488422
344.5138802441942
165.41891663527554
559.2243446131348
599.5038719580554
134.5913268651756
487.127825138874
640.813802350688
485.90462200067793
176.37070493854372
131.60947825643476
0.4224697317378006
0
0
0
0
0
0
0
0
0
0
0
0
107.71521894788579
282.9616110810679
519.3101987739029
657.4403541845419
706.3640624365728
778.9754118469148
803.8111362054408
724.5549727229145
578.0209332909677
348.58536949598147
104.30516156971805
0.303290683488681
0
0
0
0
0
0
0
0
0
0
0
0
87.7440184147156
299.2739610631694
576.4944239175765
368.3129929682392
509.44311865383037
574.5922960360201
775.6093191739878
690.7962986359059
528.6463340054556
371.48834145401065
128.55975431477842
1.172534460450699
0
0
0
0
0
0
0
0
0
0
0
0
109.5348811832936
339.7361480732459
572.763774662587
462.87575258972066
623.2845903985908
826.4213410969646
795.4175770279921
692.7929250998587
592.1785425322445
361.13232495339054
147.31638115371194
0.6181256629515058
0
0
0
0
0
0
0
0
0
0
0
0
103.95684400135352
372.90018383271763
533.1814048242472
699.4466522880787
769.0458320994544
736.2293488117222
759.7340373536474
722.7691970534771
566.1011208369349
350.644054132943
136.06016897832515
1.6535448253950389
0
0
0
0
0
0
0
0
0
0
0
0
23.37898665263704
322.05354571054477
370.4237821458277
425.6917843548902
710.4553184699374
697.1496321304459
828.0808800976429
753.2616326917572
574.2262860253858
352.5013500124193
142.62513827961538
0.9562694157839867
0
0
0
0
0
0
0
0
0
0
0
0
128.44314498154253
359.26398616503195
542.9900442090812
432.5153981398759
510.4520184200152
794.5373078550181
719.4277330450012
715.6616791093429
590.9733051845382
372.7486417414903
109.7275578460655
1.202169732018083
0
0
0
0
0
0
0
0
0
0
0
0
116.59733938226589
385.60531752627446
557.7355237476775
690.6567634921366
773.0130679114918
764.5344540452385
759.960307152514
714.6842167270544
437.9891513639173
38.88405457372578
11.501890079503767
1.4117048155654754
0
0
0
0
0
0
0
0
0
0
0
0
10.158573494321885
15.381031429442627
491.53045121807867
595.7153989671073
755.1377660897526
769.0437333077087
762.7131209697845
715.5147752620693
518.5736544800244
341.0258015607658
121.53645896039934
1.5064818199150076
0
0
0
0
0
0
0
0
0
0
0
0
15.633346170232235
161.36000225671287
170.92162250191564
56.72022268935701
88.66956457431046
131.23841572814757
429.6848471287546
724.2922235941156
585.3170113111707
368.48269674440303
211.88109786347087
1.3951870799289332
0
0
0
0
0
0
0
0
0
0
0
0
33.430108582882156
311.7534784959167
476.11526156599484
684.4266630688711
820.7772954917089
634.0683094224391
332.95053653207225
258.5766732797868
322.49387858564717
348.23644660760306
113.79654329293155
0.13716879676521188
0
0
0
0
0
0
0
0
0
0
0
0
106.04372334993977
332.9332337560632
296.7987315230586
629.0366756901284
770.839278807403
858.7135231314395
763.3223272279885
690.9758118055734
583.0164404761509
371.97289638644423
124.6018385598404
1.4402903109954153
0
0
0
0
0
0
0
0
0
0
0
0
126.61500083316056
384.422158690085
564.9557519076066
680.1133176514112
788.3872903412672
844.2820846034878
688.2499575668742
689.8625222690966
566.9847352661143
365.72368063176486
118.47199794188856
1.7441103831900795
0
0
0
0
0
0
0
0
0
0
0
0
195.5275592893031
422.68545753897126
612.6634660512507
755.8446485698645
826.4695462622027
848.9511755093616
761.5014287832896
743.5775189218929
636.6219965385708
419.49281097773695
179.03365450346908
0
0
0
0
0
0
0
0
0
0
0
0
0
64.04780512194826
75.51930508624329
228.1505087478964
626.8497257839936
758.1501056317936
647.5968971215042
255.07596221774816
58.30264379262399
434.058579063331
298.9066885092359
53.357789566017836
0
0
0
0
0
0
0
0
0
0
0
0
0
111.43193361406472
201.53688513616913
344.46448318835525
638.7864623677146
759.3868922776877
687.5506692464713
545.7329764226624
552.736379102363
450.59468105419035
366.7823387651184
124.9836498163259
0
0
0
0
0
0
0
0
0
0
0
0
0
166.86638732234755
422.63504180020385
619.7453913960579
578.0912336225625
624.5433874106818
753.1449135018449
767.6322628140693
684.56968450507
518.7256633775376
327.35073851478467
89.83983583332798
0
0
0
0
0
0
0
0
0
0
0
0
0
131.5085180064585
360.3085206645468
563.3563526093185
400.48102459641007
381.84868115624636
812.5870608580293
758.4961023450983
715.3539760821077
573.342986510978
353.0090128092698
103.97767679414291
0
0
0
0
0
0
0
0
0
0
0
0
0
137.41266899446984
236.6459959523775
469.7498737253586
694.5741966125387
811.7272128143709
822.1700390745577
808.8673352312895
727.51123753524
529.5908378711349
297.64635875591756
88.94826053044166
0
0
0
0
0
0
0
0
0
0
0
0
0
132.71674636469052
404.24238121568493
528.508661294291
712.1126604161923
772.6107564718428
833.0937956831899
36.70489704813352
668.5241824324509
451.8745507392767
224.51577928849997
90.2298789688181
0
0
0
0
0
0
0
0
0
0
0
0
0
182.996198525004
364.9254913521442
605.884119393872
771.5404553087077
803.1485555267186
844.6043789197399
801.7850420905085
730.8212774493612
532.6945310187127
354.0050683007339
115.91402423397746
0
0
0
0
0
0
0
0
0
0
0
0
0
80.07951386663974
330.3139853559159
629.9452340612328
724.6554613475494
800.5368911700367
812.3798996439176
837.0159953115366
713.2568871795281
543.1084063563017
342.87301500551325
91.16104665134011
0
0
0
0
0
0
0
0
0
0
0
0
0
98.8391067925207
355.5887056728018
595.0912130095353
739.1121781878605
844.018585435222
767.9461395478535
774.8516779820259
83.67769406800947
181.4725768719292
330.415339430604
83.9185438285983
0
0
0
0
0
0
0
0
0
0
0
0
0
123.3558890835106
216.01582423820167
604.0719138112204
742.4748792370685
816.9365806419947
812.5671905300351
789.5107797220329
712.7318599233441
545.5179107498304
362.48021574474126
95.70732758126798
0
0
0
0
0
0
0
0
0
0
0
0
0
173.29198325316156
426.5143506695707
601.9949770153723
728.0851502398374
827.9560327828294
851.0656700577573
830.7360545426454
713.7684661111326
578.7276043780424
350.93550793820873
95.81344173370466
0
0
0
0
0
0
0
0
0
0
0
0
0
112.7384822515562
355.04246557010293
614.9298264838208
763.4901247807603
843.2812525973995
841.028038997331
767.6067065062282
685.741343086114
576.9487638562879
348.53742176602486
109.24600287092538
0
0
0
0
0
0
0
0
0
0
0
0
0
173.40745317537042
433.40869877551063
630.583149904401
769.0574923247293
810.1038127967664
798.6716075196531
759.3711631039076
634.8489328436226
529.5627496490533
330.84026038798584
99.63972383745613
0
0
0
0
0
0
0
0
0
0
0
0
0
88.85517236443397
334.6723473856742
468.79363126262155
738.3531415628836
796.5546084281244
856.0518220703834
782.1457797335954
648.9142983393137
496.65815819478235
344.47631814160513
87.10547639387399
0
0
0
0
0
0
0
0
0
0
0
0
0
149.85898001821096
408.47812257356566
556.3124115956338
721.4293281695556
839.6678707217972
828.6043450048141
696.6673272600576
573.0048342785814
593.3130927108293
333.16336392877486
53.735383524522405
0
0
0
0
0
0
0
0
0
0
0
0
0
174.56007152028027
439.97705281811784
600.9348909368422
726.6151059016622
814.0625522700967
856.2506249523889
774.2374513038118
675.482793102119
536.6013842256835
313.5978255651139
78.73005117308612
0
0
0
0
0
0
0
0
0
0
0
0
0
166.43143214445513
275.8439897113959
527.6431809899449
561.2667523756801
819.8022733785757
847.10525630465
808.6151351870134
711.8924855131147
598.1397638042781
345.25433445582047
100.9791833206938
0
0
0
0
0
0
0
0
0
0
0
0
0
80.5879837973393
352.42439048768637
501.36575415604557
310.0832115206231
641.6590867805382
768.6551981121029
748.6119986653051
683.7755106685008
520.9969911194116
330.1333856143773
92.51566260338245
0
0
0
0
0
0
0
0
0
0
0
0
0
159.86509111674292
404.28229058403514
632.7872042954367
729.3708412556256
822.53899835967
842.7569826583932
777.4529654118473
713.6178759269625
519.3898851613212
368.8291377178615
59.518930977253916
0
0
0
0
0
0
0
0
0
0
0
0
0
149.13365596059776
298.22341194220667
597.1474204264163
734.81247174558
843.4765712345959
760.5377977782147
737.259560500174
692.4565319722981
561.7576831443844
332.4193822263949
97.02699561973074
0
0
0
0
0
0
0
0
0
0
0
0
0
172.90085622419423
339.96484167783456
617.6468840416062
251.1526016857877
792.893337472123
865.2915834275041
810.5180905278006
665.1541650663485
507.99632661779157
313.7488354177657
89.79197454361773
0
0
0
0
0
0
0
0
0
0
0
0
0
195.53700215812785
426.3892140193829
608.8506762265573
708.55728001832
727.3049104391938
319.8741276658372
618.8729956809137
632.8264473346712
516.3417209650001
318.3434262270397
88.03501715306895
0
0
0
0
0
0
0
0
0
0
0
0
0
170.52672267432789
430.94347215017626
609.6503680347039
767.9639913126707
808.7657739645168
810.5292320102428
781.5633843955552
708.3679381942017
459.5163051493995
103.54456610031944
74.62575495596454
0
0
0
0
0
0
0
0
0
0
0
0
0
174.60788658964083
418.57173239806997
595.0269094286069
730.1718774103867
762.8418873998867
766.7631482104488
765.4492452839528
723.9655032338078
542.5170989284526
336.6404629608294
79.32189570377506
0
0
0
0
0
0
0
0
0
0
0
0
0
23.472650668413415
325.2026977937753
585.7128222309852
696.9234917281161
823.004802360194
767.2790472250045
692.9932312100277
582.7529115404252
478.86611668693376
250.68474112978168
49.25392619756851
0
0
0
0
0
0
0
0
0
0
0
0
0
176.78957804100244
382.4765536939104
554.8004511480477
670.2315085843128
797.0815680842923
852.6825819095984
751.9535807189018
552.3841273408163
386.7730488795006
251.71580194182025
56.52212831417999
0
0
0
0
0
0
0
0
0
0
0
0
0
160.48094540489552
401.3208514731297
601.3099344843597
744.260836721181
809.9838108029737
858.1316119188202
781.4000481339368
722.2743361100667
595.7549415793135
343.48310723897515
103.327542512799
0
0
0
0
0
0
0
0
0
0
0
0
0
144.5048369732191
397.0156166145067
609.3097885615858
729.9664545030323
834.2180186247267
845.8993047807893
780.1880661602715
663.9074167203011
404.2432234347249
289.5019642551217
85.21651555906622
0
0
0
0
0
0
0
0
0
0
0
0
0
188.3858092967237
429.76672662451904
621.3510497648269
724.8375182782513
835.9990395049089
863.3995836663489
722.2640151864734
680.4126133145837
522.9524304498485
346.7309839221125
119.24525349158628
0
0
0
0
0
0
0
0
0
0
0
0
0
128.63020467624284
292.5095086037303
583.9272885622233
736.3191570352608
796.1398180374359
826.2730837047025
749.8255926462595
690.5866805478333
534.1270963848164
326.7622430229483
97.55775918421185
0
0
0
0
0
0
0
0
0
0
0
0
0
138.8590089000069
396.6987078198839
579.6846757125547
745.889566445955
873.5150772755308
880.6780871652777
836.9144664874423
704.9433999425404
560.3436715441268
357.2717450149086
75.87664845920342
0
0
0
0
0
0
0
0
0
0
0
0
0
104.15626719539009
342.92045009526043
528.4695762484284
702.3204483698049
765.4179270721668
825.6113148902483
752.6054036191401
585.6620626566472
461.9864500464405
327.0482183090527
100.25673120890123
0
0
0
0
0
0
0
0
0
0
0
0
0
79.87401202729404
407.1569671205351
595.2158471105065
697.891576545267
814.3971316517066
849.0725521208863
756.9040429528261
688.1240925562839
552.114506482075
361.9079975468854
98.98398476218983
0
0
0
0
0
0
0
0
0
0
0
0
0
132.7209576773989
349.59731601522356
583.9584030559122
695.426443520923
830.9058800868399
853.1863901312267
838.3516068288757
698.7489202563365
544.2977248103618
310.7666181878406
77.71625503167623
0
0
0
0
0
0
0
0
0
0
0
0
0
166.9368792628902
427.1465144587886
627.368577312517
749.1952528933334
851.6044555791929
848.5175472378274
841.9553380346332
704.5914796404733
384.18195525579745
244.5569949506517
47.246421072957
0
0
0
0
0
0
0
0
0
0
0
0
0
81.74200902609185
318.6610038026466
534.3340688232751
670.9311020836445
788.5667073072386
793.613115370884
744.7470442538622
709.010524406673
520.3374382762363
323.99926835804223
103.23837245217703
0
0
0
0
0
0
0
0
0
0
0
0
0
61.84175531512477
356.95558024529674
457.58813507887817
694.834412457111
654.4683509662118
732.9999315644269
703.7744509648331
603.2294521299635
464.0944419020129
272.7731617507288
64.29039381384706
0
0
0
0
0
0
0
0
0
0
0
0
0
205.47519672594515
439.2409448156203
634.9453354450706
750.4828037943718
855.796469700266
829.5530083567237
788.3414571498719
706.0368527869882
560.9512434716708
368.4624370051006
80.41334372760251
0
0
0
0
0
0
0
0
0
0
0
0
0
150.0204072638002
421.17412873183264
623.6108857801668
754.8401937426198
844.8162397106607
854.4784077763327
758.9081574530483
701.879892387958
542.2149023260738
320.14576924413166
87.95125511839994
0
0
0
0
0
0
0
0
0
0
0
0
0
76.686241775122
174.28859218600144
352.3656908466449
717.1912151762525
493.27987144916386
736.01534108798
30.659403531171794
713.7751998396077
568.5905806819966
357.5918542723022
77.44378540229457
0
0
0
0
0
0
0
0
0
0
0
0
0
161.07284106462353
409.75820450068846
633.2074174713304
763.6814385775501
829.1864525567349
836.8020144720913
847.5791781309902
697.18111907567
468.0794897042846
275.59666108371704
39.69750449124522
0
0
0
0
0
0
0
0
0
0
0
0
0
205.58861096061315
455.92212587634225
628.9092261834409
792.261819868795
832.6263793459866
869.8619441890977
819.9930738208483
736.1591528978364
532.8193362121365
369.1173402674274
98.36134053645362
0
0
0
0
0
0
0
0
0
0
0
0
0
83.79370284373688
301.0802266224125
471.9891381548001
670.3022355925424
820.6327676234756
858.7049500503874
835.0801991996558
685.4321237675927
531.6639694917351
252.5065907059259
81.5755540465552
0
0
0
0
0
0
0
0
0
0
0
0
0
181.70760122282854
407.5684365271905
597.6498878243953
697.2449416803122
767.6420391686121
807.1440343443286
743.8957203379792
661.2853255971551
432.9475602819923
190.97884024750206
78.82256716708352
0
0
0
0
0
0
0
0
0
0
0
0
0
165.43575627563774
403.5444497923511
606.65541846407
707.4594270465673
807.0256062158003
801.6737277967793
791.8268449983092
688.8344488230289
545.7739173518236
304.29349371256546
73.3950458685627
0
0
0
0
0
0
0
0
0
0
0
0
0
174.70783703928984
398.439995277285
590.785147576482
713.923895505089
807.2132113138454
824.4843507162021
778.3327464329532
690.305206436942
530.2466168634933
317.8094579424849
82.49268071501578
0
0
0
0
0
0
0
0
0
0
0
0
0
178.1908817805217
406.00719621282167
604.799899123376
735.7210252972086
826.8849964452198
843.0638585772597
41.771394681107495
669.1789728367447
524.4710868309121
312.09873867017194
93.5699787586984
0
0
0
0
0
0
0
0
0
0
0
0
0
156.0693401333858
425.48064528923675
592.8199753520214
699.4174016662886
798.6079249645353
831.9590648407958
781.1362737540348
680.5961972712703
530.4627930011767
332.88636135239693
88.04720528754136
0
0
0
0
0
0
0
0
0
0
0
0
0
203.49879044691534
439.9179450750727
636.7558043455603
793.3928004460707
859.0499651343881
850.70520724273
846.5618642424977
724.2466978552491
580.0916234467514
352.83595907968527
102.12171833703692
0
0
0
0
0
0
0
0
0
0
0
0
0
182.29469366153893
426.52253265592014
575.6315851370031
778.3094888632295
865.3257332886784
839.5172539570547
815.42740621681
696.2309600138669
539.740583560787
345.80400673761227
101.59805911499357
0
0
0
0
0
0
0
0
0
0
0
0
0
118.64761879527904
250.64910115634487
601.9232428075226
692.0267646770722
791.1671210968808
783.3310096230332
759.6407234691308
664.8784468408722
546.0707687825112
338.75740339940853
74.36870936941405
0
0
0
0
0
0
0
0
0
0
0
0
0
171.47502902156458
401.7302321963482
645.6030707241316
748.3429714277664
838.680858567467
853.6497048054237
773.358183503557
694.7178238628977
540.1622184128728
335.85919025247006
79.35908820434898
0
0
0
0
0
0
0
0
0
0
0
0
0
161.84398641606634
405.1892539670986
588.6029575712524
723.1789789660132
784.1474187350894
816.5453038575872
781.2726212602247
667.6528153600144
539.4422751888393
328.0530841906062
76.89592376581268
0
0
0
0
0
0
0
0
0
0
0
0
0
85.57722651845442
317.558124871088
545.7396524233175
705.7869564708549
811.918943268581
808.8870022037797
748.088206041404
704.1052826854481
541.8585334551864
319.3827372298665
85.9807255604507
0
0
0
0
0
0
0
0
0
0
0
0
0
200.98336006923583
429.53101057982354
650.6912045878489
706.2195206678825
820.31212371715
844.2723912547777
829.234899133888
698.7734256080441
513.5410402081902
317.14113193032887
100.94759863269951
0
0
0
0
0
0
0
0
0
0
0
0
0
203.05527082993837
430.6583759798623
629.2332167829552
756.1947210063366
863.7005266475064
851.4037012453147
837.2880785009768
689.6778105389218
535.8978842247328
346.1542458605373
76.97259496626249
0
0
0
0
0
0
0
0
0
0
0
0
0
130.53389040424534
393.7810318963623
579.7935217938104
756.164929337365
849.1161750259588
835.0867948350725
764.3899054023302
622.7114766632334
507.1994232446576
326.91977342444454
66.54381612743194
0
0
0
0
0
0
0
0
0
0
0
0
0
178.10988414295028
402.89899462048476
579.2682499795562
706.3811141042787
810.3881924312831
780.1590221303526
815.0854845715971
736.972481987858
535.4956225758059
352.7637239267126
65.9763846495063
0
0
0
0
0
0
0
0
0
0
0
0
0
191.63340117416132
399.93565508122407
594.3016261097325
709.691105787352
790.631861041058
824.7433200670175
746.7953340675085
699.6278078795152
546.129958127152
352.6177584498026
104.90365514845246
0
0
0
0
0
0
0
0
0
0
0
0
0
155.8252419528728
375.63514039847337
588.3557741306597
693.404073306059
785.6076847522927
733.7420779358125
587.2788744909146
702.4446547165322
520.2530402408372
360.2418519666858
86.22620470378341
0
0
0
0
0
0
0
0
0
0
0
0
0
71.28608279554803
315.59819673236444
443.5716050571058
585.1347172721661
796.8086330280009
844.8201047913038
797.26803952147
681.9273222354763
581.7067994647931
412.1078263908243
158.2594285798384
0
0
0
0
0
0
0
0
0
0
0
0
0
112.58112626155913
356.4798051107532
558.1759841061717
747.8313119271269
828.0722943804233
878.8344298977929
829.9977120088872
686.7162361531757
548.8957272867308
337.712492856605
118.8516791307072
0
0
0
0
0
0
0
0
0
0
0
0
0
133.03821972544517
393.38725851001635
610.546975501335
732.9819419696132
831.7173801427437
828.7072660518053
834.6230530378707
691.8819613333043
555.9335880006233
305.15076872946975
99.82673645071952
0
0
0
0
0
0
0
0
0
0
0
0
0
163.45857940033204
417.9901846538919
582.3116444576643
723.1131841889794
758.5176534788626
802.5322953061439
760.2890031911578
725.1872417554231
531.3346867027042
366.1518428309564
98.51836922233143
0
0
0
0
0
0
0
0
0
0
0
0
0
132.8569552297945
390.08321698058273
550.3087684145963
755.2315747282827
864.1473596831089
841.012646362938
788.1616672136585
723.6820371678219
554.3166133077771
363.92110188323284
146.46988166750387
0
0
0
0
0
0
0
0
0
0
0
0
0
123.81199343985503
371.2994983730475
613.3802038168006
734.5169500762387
854.3236276168608
879.7901043519885
793.3103595955257
772.3727497792353
495.5753930107046
354.8335717940252
92.74664408078776
0
0
0
0
0
0
0
0
0
0
0
0
0
126.98716305168861
396.0603556072923
605.5753692142306
751.6827720801225
760.3059144874394
799.5657560285925
729.9968826140907
687.1937863066308
564.6010977703186
364.6987167978068
140.8694768163783
0
0
0
0
0
0
0
0
0
0
0
0
0
24.055144516040396
277.62225595489366
616.8049144130729
677.2671585022031
798.5256039773662
824.4107036485532
838.8784490050772
725.3120147260363
581.0400514448738
361.2058972332441
131.31374843115876
0
0
0
0
0
0
0
0
0
0
0
0
0
113.27331078441051
363.64198926984596
585.9475608815302
703.0970845622959
772.861803104858
876.873694838134
832.788881008342
714.0049885080988
591.0569294940929
368.94853802964224
123.44041999482077
0
0
0
0
0
0
0
0
0
0
0
0
0
145.10550246961066
384.73668308125866
623.3489464756291
755.5522135940939
838.2347659414953
846.3694637898772
797.0219845664815
680.9686386994949
555.6084134095665
351.43062343617845
79.94878877541186
0
0
0
0
0
0
0
0
0
0
0
0
0
105.48303067415033
308.57690933274387
427.58245594903724
646.8775954322907
803.6548987051588
734.4172392505704
747.5620506503521
582.5608175998204
558.0081320751805
349.045900161809
107.61766226048402
0
0
0
0
0
0
0
0
0
0
0
0
0
137.70908952603645
378.7323259513641
577.6948877500317
765.3868606536865
766.7737256882672
782.087993317532
759.8747061338553
683.0309624326018
586.1021386728021
379.8115075511025
124.64711528300681
0
0
0
0
0
0
0
0
0
0
0
0
0
122.25403219705763
380.0657132844423
610.7331562984234
773.266850860235
819.0781048096619
844.0956966368096
835.8094326544316
702.7747680780184
599.1943713628024
418.0553788795154
122.31185109362487
0
0
0
0
0
0
0
0
0
0
0
0
0
124.58325778102193
367.38270406610906
572.2419615787869
682.6121273688287
779.2032052133582
777.5733946464502
828.3563796330063
679.4742351654287
603.4061385697024
369.94154177568817
110.88111418043839
0
0
0
0
0
0
0
0
0
0
0
0
0
142.72453858290865
396.05818966647155
574.1029968214756
713.4359975350401
786.4645850791245
801.149341848678
761.2241661209392
678.3934352595581
505.50012186165765
363.90443590947746
83.60714977762451
0
0
0
0
0
0
0
0
0
0
0
0
0
148.48628401875163
401.9844995760523
590.3079197957517
695.0596126361987
791.2940805991636
788.3490161997921
786.7273922653881
679.1359960827009
601.8906706892519
358.90520763249344
138.8596757248003
0
0
0
0
0
0
0
0
0
0
0
0
0
131.45683717596725
375.4544314863513
572.6989492105217
689.2339580247437
780.2897599570663
879.4277393326917
788.4623332192751
748.1207934201336
598.5357209984451
382.320348164857
160.57172373595688
0
0
0
0
0
0
0
0
0
0
0
0
0
141.36590857584343
393.2405295402426
617.7429590671338
764.1846723634494
781.8638986822034
787.4593739664617
773.292899298495
702.7152091961746
569.4090910933882
328.9688237030769
143.63537290685508
0
0
0
0
0
0
0
0
0
0
0
0
0
107.47374547857385
371.57117283452203
500.3062907261488
771.1566422276696
710.2481553615046
850.5548594853973
785.7036260673598
678.7015788253927
608.1908185490761
371.51255899715966
155.16376010273922
0
0
0
0
0
0
0
0
0
0
0
0
0
95.23043698219485
322.6443321941694
521.1038347496396
724.2838410569888
692.4517931526824
764.3391965541864
740.122499922857
692.9366296639233
582.9694318467299
374.2433733822097
148.5615816493853
0
0
0
0
0
0
0
0
0
0
0
0
0
35.42214320266335
222.0138539210731
532.7005660425135
693.2000587688997
838.5847979534326
841.2548762080407
827.0118278905861
761.0937503372909
638.0796272519445
455.7808556414376
219.70499163041458
0
0
0
0
0
0
0
0
0
0
0
0
0
128.42919749931832
389.41745119683173
577.9809359512409
727.602228238198
781.9490697843785
796.9731196830193
734.2211125698303
718.8852528978058
546.4204268486337
351.1519303619341
129.63945197359163
0
0
0
0
0
0
0
0
0
0
0
0
0
157.08600692489458
428.3319278972505
626.8969658473137
766.8228513586348
811.3583700277676
824.130882683026
806.4465735849236
704.0244303690139
606.2465681960069
363.89035731218206
129.10202908311166
0
0
0
0
0
0
0
0
0
0
0
0
0
125.99877192281835
387.2847040814049
567.0842239038666
706.4433775366463
782.8744659844721
869.5190811520217
836.5429725625021
683.4001717732474
532.6736907198803
373.87460149827643
141.90555006987523
0
0
0
0
0
0
0
0
0
0
0
0
0
115.43850095142776
358.4225756509807
585.9591755524161
696.1117085468234
757.6387974023899
857.4945804481912
823.2030091205374
770.9017948014925
562.261221280718
327.1125022488962
111.8562159474036
0
0
0
0
0
0
0
0
0
0
0
0
0
128.11921429730614
367.0698236764173
535.7162077331004
698.9517677093152
787.1897281612205
825.9310005323873
788.3002208736283
729.6067616566
540.6499002041184
389.7926107508441
117.02572146860118
0
0
0
0
0
0
0
0
0
0
0
0
0
121.45101575679222
350.24647822085524
554.7118789947984
678.1949656819054
813.9640535242611
874.2819128085038
798.0630657609269
700.3628529306092
583.0862375968844
375.82686383870765
139.33544335439296
0
0
0
0
0
0
0
0
0
0
0
0
0
138.873570666018
362.19105175795397
556.9329530759502
727.5538085255167
758.5741543158475
790.6583218671827
771.5253891005204
656.2702256505797
564.6456804378164
370.041226205797
132.29293481603497
0
0
0
0
0
0
0
0
0
0
0
0
0
139.03451309764802
358.1006975168255
569.9698377325833
696.8453410578013
804.9857610564487
829.7565378400399
840.1009589726686
704.0410275702799
533.0022379515384
384.5859096940687
103.86936593759062
0
0
0
0
0
0
0
0
0
0
0
0
0
155.61275615370744
419.7013068565521
602.650429806886
749.4976886438205
678.9389478388615
731.600614532128
777.6429140731778
31.50836241627851
24.191469146092086
363.79403307895717
127.14994373496594
0
0
0
0
0
0
0
0
0
0
0
0
0
129.42413953755639
358.0030084166995
577.6957822017984
682.0541880653731
805.3537809860478
869.3020735714408
789.8574074060054
697.5225103161638
598.7621236610112
385.97084919505613
115.82192528546737
0
0
0
0
0
0
0
